1000
151508623
648324644
61962097
321498421
905038870
706120076
884526834
530954844
207860449
200578175
89249723
606600111
907308329
774519802
624965559
17864560
484682794
68934687
831673619
46091329
521975460
686338739
21256899
366486953
733232989
497740193
65879805
628714133
109628317
800305525
804863932
159704020
883075504
114387938
48718142
517823642
276068200
462087740
328396422
759099134
102414488
358687742
872738779
964630140
932969882
286177606
626041671
70518899
153688522
248100180
936655641
368564392
358377993
142613775
326577252
899536834
159001403
807171456
669683069
780061132
699523273
364895829
82510977
11753142
29360416
906542175
444417485
518866643
590933552
810415125
556835460
414745948
230107117
618640398
710878988
750465772
657315537
994725770
409749905
49661955
505155673
278014186
57335425
251774852
426600324
225881140
727898383
441680182
347456343
615537040
344278448
913925190
611566940
959635406
863542432
391799235
575717405
745162462
59919966
360308513
22953390
343878229
716315692
405977271
173643297
445711343
159463056
670848065
72207375
16516615
867429334
681919327
719107350
294979105
273081996
999880212
242211925
871069537
566393860
169508167
75939058
730297617
913771221
931683653
32519828
43062047
12708186
999977021
44322282
35060380
390554674
614652099
503690018
339689534
490163390
30245966
52516978
915739359
311105446
895565242
485333139
373629948
205949781
788352967
512453953
972250167
347602552
232535960
931411388
402576854
867509891
722593588
806194506
348153665
518059564
197892105
759542195
684440968
300321774
999468388
494238148
791512795
247181447
243836665
206494669
464366863
98559355
195634018
523142178
420225056
647791503
57714840
962362269
256127145
390424910
874395771
138862106
298547822
360167815
401350480
935993594
902848211
46194637
56203838
241822113
276565858
55023350
761542608
831845369
489859145
738682268
90408054
300157164
198171353
51354784
894139652
62831341
921348105
298604450
199594289
631402096
34941681
114684809
253343257
810818670
538604367
701466369
908560572
389082338
20869125
841464
199786621
308382542
696347033
54185249
957493668
918275895
786107571
664495218
913350620
972946084
528450723
876812197
657301685
521142435
270247385
761516474
453660195
172342212
303474794
236737651
950175997
33546909
298939026
341188822
262998911
22728260
484897581
956671407
322538441
443006680
275516476
275217932
5743710
711631352
791678310
306429887
307955878
539188042
536624757
170645984
554857324
295699190
332659157
800752456
252702048
605693480
338876184
651639062
568708502
540265874
961635700
670027054
671090181
775492583
140539459
272532661
182760969
979455073
969570179
436684439
158616802
17611068
661937748
20713473
438844467
50680377
587080060
902116584
894777988
566270748
872432614
934533760
124294592
597461550
45327647
59656645
187340215
539131579
271850968
680164341
201223837
339953557
414864999
744977172
270418825
513620368
98661701
464443495
719403256
599152132
182683537
32779001
922195783
440303950
242693516
169213465
950730044
62324559
17480987
108677082
673129086
850607084
453442632
559103890
596847128
991055244
51317697
886918236
161350907
843534237
474016088
194806678
997385337
429192975
14116993
144815971
119323850
367456983
175468247
935728426
969037706
336892526
72641175
99439638
434337337
354384975
764715300
558134164
161088698
577762428
628471681
25332183
282778581
706458362
623871706
405447255
263361461
52546129
641119996
684174414
411756138
430579213
813131992
154106170
845423208
55011647
278458628
163597150
52178183
993416444
909877817
94729280
564663553
110960349
976955350
454099756
274183415
13422462
216854620
193070000
521528812
259981568
207562736
67062814
900088264
58649479
43762396
223992846
99022294
116047291
199563279
611175129
638526790
896184139
620268440
979453471
317905836
75230054
558745903
484614210
440143744
363541824
156536492
107769576
749876380
376363155
548963981
377567613
410345153
208134171
346010228
837793711
725513234
161537049
300410279
185507824
17311127
147699921
57298831
301991415
542061499
831366412
943330874
217041215
5041359
78153879
837058777
408064903
524092293
810650306
447820354
254306128
43818869
207988962
601912174
456834659
83966363
51352271
200084988
761083976
274382551
118543207
214742701
497899728
3392108
871609097
841910246
869455500
737099906
45918234
398134322
390003027
420278437
237616516
257284285
661457088
358819907
646213426
794539994
8978609
962907441
971609237
149152637
229741001
308172839
646284578
100585409
87088111
884270911
443517138
804783460
885260494
908681338
535236256
496274502
937062483
269820987
295203599
156526062
996770098
699191242
919983777
263100421
775212897
171839442
132088929
358106841
419834522
863077092
438167642
360505307
519312605
596159474
878876190
402936865
631165164
67447509
187424576
265282277
627966158
636305607
618559962
553251844
567759949
671092457
638301960
253198975
160876408
755215550
95308139
326637310
56239906
6336174
694852519
459625032
134373729
772060292
701445861
778078157
651890703
144271345
49934162
13508124
434428748
70191367
316529821
338934637
68097530
545419455
24546429
24325144
24697919
583633267
957779241
319922460
162903047
603968868
144519646
158640281
6823296
153005877
324379485
750482006
999471004
150591086
758429291
184441404
902252691
511721979
521687631
512754393
906713694
586744490
319383383
473923550
638895933
273069488
679114067
697438369
908268081
723879717
814227992
990472860
759203203
359351427
305717246
442536940
562028859
138968875
381461603
348966355
406755754
914767585
498019878
289181494
241477089
382288971
961862701
244944672
681827895
365943669
853218271
168222525
196569799
816954960
916174762
220239456
480559600
924878638
676900223
608078589
687552211
900281159
528414033
18305968
924129240
133248312
191123354
721818548
45814570
318314367
66005461
423559533
124413750
660221696
668620549
488424671
881511728
193551747
619315757
911708212
834157454
773088308
272103638
887292986
218030731
71826465
678145932
120347362
917763237
913783488
630723169
811213250
699839775
908963942
897227624
646808724
1461376
612130513
532248891
421668789
358050066
573761951
304399734
518787751
312809829
767234772
351750970
209398416
186908361
760905048
655711659
844643512
35928535
560824183
38649458
54958351
57104617
51493727
127472700
578993316
224577693
812254118
324661561
436472879
628489814
47380929
966584734
951819912
10137786
892011662
710425123
416585518
605237
873758923
34747526
234098882
588265845
3011484
673544198
997758857
256953325
576405258
385213416
314291181
721941074
167415934
876438006
961578236
115395873
992945994
323250939
390327015
433153814
656037152
79517512
224182660
693683126
297290393
319059250
324840141
432078279
606022063
643870609
44277599
643626450
650094659
289588291
779504380
30019752
597869209
75827879
640983818
506529242
816676311
732711459
128046354
495140416
568146570
824615071
992046913
700138099
596252448
713881863
32836330
891238738
17569903
752980429
377780482
578778753
956210732
147919716
915384482
359897317
997691765
787658438
31660937
715176234
944958280
7057903
680743063
401877053
392819977
758575199
684663891
887471570
47516417
12401564
556449639
716584671
53731545
606730158
215498527
212935711
98402339
210977698
226863597
409823377
858758865
518532616
563751399
503924726
784674748
35936628
41277255
275645782
626343711
60039936
716477163
32884604
116299033
219663049
74150099
783141237
691857454
89773678
63793317
814564629
298000327
1690516
259379756
62961009
673130157
409347172
311827412
887313254
273304978
410456075
524736816
484105745
752172424
233830713
985566069
152480085
153942664
102538403
925775357
198229081
735507949
842248065
973191365
877395975
280211702
865474065
706558702
790068622
188542792
269396498
102769983
239643873
281475433
235966794
581151906
969069366
717221701
956048384
276491427
124809607
284109485
223929218
720507380
998753044
733458900
219775137
236033259
818400223
45772752
4204592
886670338
683341615
958216479
52599688
65705047
66307598
868256287
50837767
566918698
575671754
260644245
812947597
957780834
725075576
26950951
492669950
181677575
37855084
87317986
286012354
715512009
158949315
904692405
173540168
145277816
227803353
301379315
260346238
666074506
37527763
610134229
712912731
999800984
676081430
390614006
219909718
794807009
27681998
775334869
492631788
328321478
829981545
675464791
699174686
879481932
75146009
174065218
85995760
405239197
556634453
295556547
196432107
624412552
538853208
224559336
244675740
814292220
203473057
565323815
676444434
868465809
177559921
828850902
958916964
730311423
732241232
813183409
188589353
498107812
579116425
506814807
518297343
127134978
632334249
663289037
517389061
876576575
925930500
825634809
14510944
985490084
349611056
169605672
874002618
609214494
276722056
91328649
959446206
984911296
273476522
24086191
178275485
46645055
921790201
999375635
787936652
80429685
870726428
248262032
413777219
50203615
1320830
31208933
844744832
636548895
672662476
65030711
319916418
347204474
8039033
473716108
444993167
45454426
704068413
147730001
894789743
739150286
69160338
741956821
155689198
524993797
322448182
639572939
160448861
867195607
342981292
956015820
856385810
662750780
573489595
476398291
813659107
641123026
38019565
927757503
651997359
919058267
30400785
37363669
696166358
300068925
31288761
294867515
376009148
540076545
296726461
131437950
445324618
546630613
854659766
802771213
503129708
913027594
771975300
58028732
406977684
533522582
271844809
69998914
210049334
331953555
933145195
593671355
769533514
145462206
191213590
17424166
730674381
574209273
469158072
568718056
624755520
133309641
726224131
928694599
121787431
592315096
488610542
558994160
249255051
100724085
256148533
510793842
913347193
943096847
432917716
167651009
164955009
785885630
928725392
101890484
322 832
223 518
305 534
258 585
134 769
361 423
453 968
183 519
288 681
418 686
212 947
285 715
636 909
34 519
549 582
866 953
449 969
479 619
313 709
344 360
595 675
149 978
177 703
70 667
616 831
961 992
677 753
24 856
318 762
316 711
262 358
293 572
576 961
427 763
587 802
96 444
564 777
385 931
181 659
182 852
343 726
633 903
629 781
546 550
400 869
657 835
382 846
43 115
381 993
964 996
386 558
19 394
66 367
445 899
374 642
497 760
195 487
593 844
213 664
253 936
686 923
14 508
140 535
467 885
89 568
184 904
328 899
311 751
55 589
533 901
375 798
351 489
807 813
408 585
654 657
327 794
93 879
752 832
784 880
549 924
746 866
94 138
88 499
622 831
140 682
82 913
71 243
143 542
174 624
932 968
88 559
195 896
17 67
5 423
313 891
96 146
34 282
103 375
397 638
492 679
131 588
369 753
117 393
112 872
125 537
403 986
265 517
434 569
498 554
409 989
292 938
383 833
739 896
153 504
366 683
404 618
51 898
410 758
921 958
316 790
26 866
277 463
736 978
218 241
177 249
88 928
324 731
771 874
293 900
366 734
173 448
792 929
433 585
631 782
187 236
160 802
133 443
399 539
612 954
268 389
430 521
427 780
230 328
485 771
247 478
61 624
217 550
800 842
376 413
76 771
170 451
150 714
357 455
356 387
434 910
875 970
336 913
339 514
196 608
360 883
719 728
695 999
437 525
272 706
536 640
51 238
298 768
501 792
959 975
366 540
265 673
439 913
440 450
148 430
46 811
816 922
410 623
417 994
358 787
585 702
9 432
19 638
79 799
82 839
81 829
32 803
219 893
634 959
18 816
262 359
21 878
533 764
388 604
256 984
46 338
143 373
335 585
157 970
146 558
385 506
730 811
921 946
62 456
142 691
225 496
749 802
712 924
505 734
214 320
784 795
889 908
313 438
77 745
91 777
387 877
27 305
437 950
670 795
113 345
268 347
417 805
109 602
123 953
219 527
193 793
211 563
96 536
576 793
258 392
138 254
572 747
101 455
206 633
575 696
757 1000
55 85
266 519
278 343
319 371
520 733
113 980
783 854
282 544
410 495
322 995
260 429
196 809
125 580
700 757
164 454
32 446
712 943
699 976
243 687
132 891
379 403
296 351
422 734
239 619
614 657
180 978
727 730
101 971
608 717
162 175
8 964
369 500
213 564
533 871
548 586
284 550
97 845
211 884
55 210
599 602
92 160
344 630
214 362
160 556
327 696
363 614
118 495
72 379
214 419
518 540
523 718
185 299
344 523
247 870
507 683
367 559
844 900
460 623
34 580
744 780
653 996
128 470
283 952
317 860
316 404
704 968
190 811
245 791
158 474
104 354
136 311
392 810
563 855
385 847
745 992
31 52
222 995
248 746
210 223
33 906
118 408
555 970
251 325
879 908
230 564
64 87
288 440
508 537
195 623
720 908
270 549
85 149
674 828
559 695
315 682
486 599
220 733
173 818
914 931
73 616
653 952
197 323
541 730
268 658
267 582
118 247
302 911
894 904
652 952
459 780
70 273
587 978
222 326
256 560
301 844
518 926
303 365
753 968
271 902
122 315
547 628
361 588
226 962
658 880
453 889
352 750
644 701
355 737
256 956
906 948
360 820
339 723
602 816
219 565
493 996
252 742
43 360
276 608
211 591
242 465
203 613
485 568
147 724
366 947
588 615
263 358
71 919
270 745
573 714
138 844
446 574
262 689
316 537
2 551
799 832
123 768
505 695
303 763
157 512
340 480
206 451
121 368
510 703
127 183
788 854
466 935
601 644
504 818
608 990
346 771
857 864
60 741
491 980
733 736
241 554
348 986
97 964
840 893
458 913
277 735
558 887
101 751
7 902
178 457
630 792
391 681
52 894
439 767
17 147
6 465
152 733
511 921
23 121
137 957
63 624
731 805
27 162
538 939
525 886
390 853
365 391
51 581
730 976
768 930
60 372
124 923
417 630
183 535
413 461
297 957
260 486
554 857
216 852
308 769
152 1000
658 856
15 778
208 615
163 302
303 685
179 399
68 994
516 635
38 214
325 925
225 315
492 864
217 547
352 633
547 664
255 700
812 987
109 158
83 961
432 486
184 549
182 852
378 633
276 385
53 987
169 367
638 875
628 640
932 960
178 371
217 590
387 946
38 772
240 710
440 769
678 963
440 723
70 868
408 583
193 722
414 845
313 563
243 322
274 497
371 616
352 952
269 917
106 931
345 442
486 743
205 494
249 554
162 655
241 366
107 871
402 915
648 804
238 810
384 991
438 826
7 968
79 778
421 664
214 846
701 799
33 251
186 834
56 395
363 634
738 849
20 158
422 969
316 768
178 247
285 866
199 597
79 971
144 856
176 308
643 694
282 313
64 553
208 421
235 751
273 374
369 581
822 868
181 643
116 222
381 468
875 995
100 378
493 599
60 802
764 999
2 851
451 461
353 892
413 662
522 933
190 755
241 838
26 230
205 466
274 893
131 390
25 594
46 665
224 596
713 986
52 620
12 235
218 402
523 539
268 892
182 677
79 345
684 771
166 382
21 192
21 780
132 730
23 304
243 530
42 369
340 370
68 175
704 744
471 552
439 712
242 265
879 998
154 644
562 604
174 720
188 549
550 645
6 68
325 516
293 957
562 895
68 547
4 729
289 926
252 284
479 527
220 817
684 826
33 393
321 665
177 223
380 551
140 207
624 668
159 276
99 732
441 811
782 833
129 885
199 750
705 758
300 872
551 933
171 579
95 334
291 586
288 856
638 806
616 881
526 662
99 927
83 366
532 930
343 853
846 975
8 217
54 742
556 755
573 606
855 892
163 644
511 704
33 957
345 386
429 578
701 895
314 566
533 862
22 345
401 569
691 967
326 581
125 372
89 833
270 531
56 520
477 922
234 253
257 538
47 322
300 519
210 216
475 969
570 672
288 935
44 793
478 673
360 469
578 922
169 554
117 743
549 829
678 808
205 688
267 332
438 728
535 998
951 975
641 822
511 817
210 754
326 665
47 338
279 982
541 624
11 256
725 889
525 807
78 420
224 754
493 579
799 850
325 520
107 422
905 936
75 98
212 804
806 945
62 980
338 385
814 919
561 599
794 909
415 892
501 881
297 461
95 273
591 627
337 907
43 743
521 632
205 867
260 407
619 739
799 899
39 48
134 613
54 599
425 661
596 822
315 820
180 668
634 781
396 822
310 420
43 319
121 894
275 319
122 338
336 924
919 985
176 234
316 876
377 687
254 374
555 732
182 698
230 507
520 940
282 415
641 669
415 921
178 226
287 739
653 983
233 286
313 796
475 906
368 836
328 442
257 870
27 127
86 250
537 727
47 281
211 899
164 284
699 969
709 883
84 325
529 786
3 343
423 625
639 877
379 818
383 746
251 600
679 909
377 884
335 350
304 794
440 545
178 456
252 828
204 349
1 740
459 676
449 538
66 759
317 726
99 667
353 703
265 803
224 532
752 801
66 424
366 374
384 803
502 540
489 697
676 878
105 728
632 842
667 792
492 917
23 641
354 795
44 873
369 914
160 316
865 986
507 602
441 913
75 337
40 928
435 976
599 738
91 416
224 988
585 791
15 465
51 962
263 491
596 605
4 766
35 118
465 995
943 975
299 853
447 851
108 432
344 841
241 981
128 260
956 985
97 892
205 280
272 622
251 468
212 839
504 582
523 714
370 434
128 390
132 153
218 382
159 425
93 266
859 871
306 513
149 686
211 989
247 265
215 976
340 516
100 791
232 513
192 471
875 887
93 191
66 245
797 871
142 667
506 616
142 975
296 560
434 590
174 619
405 966
450 556
85 628
107 815
240 467
225 439
692 762
114 302
146 887
228 842
574 995
2 378
432 989
122 538
368 973
357 908
1 378
215 590
314 855
92 244
222 390
588 859
124 933
24 435
202 991
624 648
800 848
13 193
187 898
518 937
937 957
183 497
231 699
539 677
856 903
452 936
585 833
785 996
799 916
192 421
740 963
392 575
846 895
241 619
462 925
245 524
619 844
288 780
661 979
229 238
418 425
177 861
60 939
17 585
921 954
115 122
67 177
180 257
556 949
72 282
110 538
915 965
462 649
27 476
866 922
73 363
164 786
305 358
775 956
178 706
487 491
157 447
31 648
342 572
834 993
382 513
341 557
302 944
253 287
221 845
247 560
229 583
81 598
24 439
19 922
62 151
145 629
254 820
12 845
228 504
64 651
156 277
569 731
253 430
541 755
97 561
146 302
350 356
399 753
533 792
23 879
220 537
511 826
415 670
239 283
561 565
708 751
370 681
430 629
81 340
60 143
639 770
580 987
151 720
354 363
554 895
346 956
557 831
322 642
658 925
223 369
390 984
906 990
673 802
90 232
862 937
195 242
423 863
723 818
734 980
564 646
143 421
152 363
761 800
239 421
456 799
102 944
597 631
341 391
549 820
182 769
554 718
282 898
754 793
136 809
594 857
106 828
416 687
450 549
239 388
35 689
536 927
1000
1 877 474366911
2 308 659
1 263 267562678
3 385 320 694
1 46 48542279
1 851 87224152
1 949 467196587
2 302 880
3 493 530 748
1 907 789078729
2 38 286
3 686 924 932
1 856 268192116
1 790 34921595
2 126 448
3 781 94 927
2 436 561
3 909 535 708
1 168 682206677
3 205 335 379
3 116 36 276
2 191 507
1 916 54947923
2 519 569
1 39 523752008
3 565 874 933
1 670 336364264
2 241 812
3 232 564 796
3 199 353 453
2 738 844
1 923 661369176
1 259 884400865
3 990 363 640
2 282 321
3 68 498 585
2 183 714
1 88 263147640
2 24 661
2 933 961
3 194 368 444
3 523 121 974
1 288 592746826
3 36 140 694
3 692 533 907
3 343 584 973
1 101 408687179
1 369 989254341
3 753 120 548
3 134 215 288
1 385 280696264
2 194 809
3 512 95 759
3 769 344 506
3 745 7 282
1 250 39844212
2 94 788
3 258 815 929
1 178 346229873
3 947 179 262
3 369 155 483
3 112 534 671
3 975 88 943
2 605 942
3 460 71 324
3 744 229 981
1 375 930320641
2 108 168
3 448 361 617
2 55 668
2 30 88
3 129 532 734
1 316 713963727
2 225 396
1 260 599682014
3 129 225 990
3 851 139 432
2 249 347
1 942 149585897
1 854 601532116
1 591 283747697
3 556 492 890
1 622 479991603
1 858 465598325
1 225 312782226
3 689 157 421
1 833 87616580
3 66 276 387
2 55 711
1 282 221478763
2 101 877
2 706 745
1 274 398822274
2 328 831
2 660 684
2 501 739
2 220 862
2 328 354
2 229 469
3 453 16 731
1 119 671786061
2 406 962
3 807 400 562
3 824 360 437
3 107 110 122
1 782 70935259
3 466 60 212
3 396 61 233
3 589 28 886
3 508 293 541
2 123 144
3 767 71 928
2 93 307
1 286 20445828
2 248 777
3 306 271 285
1 658 266883864
3 605 384 580
3 431 98 792
1 209 983884328
2 34 617
2 372 962
3 574 52 955
3 651 118 839
2 749 975
1 848 892864355
1 554 56674321
3 480 577 979
2 409 670
3 906 378 903
2 95 415
3 577 414 903
1 488 17642650
3 851 78 256
3 924 130 337
1 295 187491668
2 726 932
2 468 578
1 649 66106176
1 812 736440882
2 48 896
1 171 865958677
3 210 325 931
1 803 7495406
2 137 915
3 349 407 469
3 338 456 806
3 747 32 135
1 651 842561755
2 344 376
2 553 748
3 342 638 998
3 248 276 862
3 617 204 843
2 526 906
3 447 217 472
2 39 803
3 140 43 685
2 111 702
2 82 145
2 529 668
2 344 478
2 616 939
1 882 443401831
3 951 33 46
2 365 494
1 15 527591107
1 132 964698953
1 866 410907758
3 437 447 491
3 622 732 988
1 838 506529868
2 334 698
2 89 983
3 491 22 457
3 554 745 943
1 725 949298474
1 110 950671543
2 733 935
3 392 141 693
2 404 516
1 735 50190189
2 198 616
3 774 182 438
2 292 814
3 671 184 321
1 703 272633020
3 877 312 356
1 25 202888722
1 155 480910876
3 878 188 628
3 809 91 482
1 994 154737818
2 58 663
1 725 595164128
3 496 516 831
1 916 476887483
2 504 756
2 167 410
1 597 285892098
3 142 202 281
2 276 431
1 559 555041236
3 908 1 999
3 608 838 917
3 669 631 811
1 841 61524120
3 238 90 479
2 528 611
3 100 29 703
3 445 46 918
2 122 612
2 4 424
1 436 352839363
3 866 648 852
3 309 360 427
3 330 229 328
3 155 264 390
3 691 222 263
2 560 936
3 843 811 977
3 533 110 429
2 829 914
1 426 88749175
1 687 319430540
2 5 955
2 214 659
3 602 100 424
2 63 580
3 719 318 864
2 767 978
1 930 222804045
1 693 687091748
3 459 93 195
2 356 567
3 635 335 839
3 206 523 675
2 703 802
1 217 851861722
3 887 115 484
3 732 767 862
2 830 861
2 205 505
2 597 890
1 869 40352853
2 133 176
1 59 455594041
2 446 715
3 716 104 651
2 67 394
2 549 553
3 426 378 879
1 532 15830605
2 65 699
2 450 791
2 142 313
2 378 389
2 162 258
2 142 779
1 668 20765000
1 602 23773486
3 482 581 866
2 160 203
1 904 466582320
2 43 312
2 72 731
3 728 355 416
1 832 618829393
3 338 611 923
2 392 760
1 998 159793248
1 348 224622855
1 808 491433662
1 418 450081190
2 85 129
1 201 760938482
2 516 624
2 621 879
3 398 646 730
2 366 613
1 207 49274642
2 534 675
1 447 56099571
3 968 431 816
3 463 45 544
2 328 404
3 103 167 285
2 298 422
2 88 991
3 522 326 413
3 765 117 212
3 628 406 552
3 385 410 593
1 755 25573106
2 198 297
3 337 476 861
2 247 758
3 596 137 347
3 76 143 448
1 101 702411617
3 172 87 88
1 713 46047702
2 290 470
2 510 821
2 808 887
1 770 9464765
3 619 254 884
2 19 318
2 196 795
1 355 479674080
1 791 659378953
2 14 694
1 18 758937511
3 340 745 774
3 635 129 970
2 46 49
3 764 128 894
2 69 318
2 750 842
1 532 3834912
1 261 893779001
1 746 743734903
1 872 860980694
3 222 755 892
1 971 755411464
1 556 15088495
3 696 785 953
2 430 668
1 715 23599177
3 642 627 688
3 803 409 495
3 758 514 766
2 139 491
3 803 546 574
2 166 485
2 301 358
2 26 731
1 825 923128726
1 468 442498488
2 187 740
2 703 737
1 238 91585010
3 275 178 329
2 424 667
2 436 670
2 738 764
1 187 968480681
1 515 297733045
3 523 12 673
3 486 300 501
2 81 488
1 962 606623883
2 795 869
1 709 886168243
2 356 828
1 246 737832448
3 607 319 780
1 705 14978910
3 62 166 353
2 175 395
1 944 414891091
1 359 300742615
3 261 363 831
3 102 86 557
3 601 199 367
2 628 685
2 48 159
2 326 959
1 424 608363659
1 738 354027111
1 126 515940028
2 309 727
2 52 652
2 6 533
1 561 703943572
2 366 847
3 290 206 406
2 46 754
3 986 695 1000
3 679 560 785
3 97 44 498
3 773 533 911
3 760 536 666
1 884 346757314
3 287 361 375
3 875 70 986
3 14 22 263
1 200 956462109
3 408 64 657
2 308 748
1 217 181856590
2 398 881
1 377 238056230
2 207 993
1 70 665852753
3 926 237 690
1 667 473656614
2 537 774
2 74 563
2 269 363
2 688 823
2 295 528
1 593 511501115
1 406 374501083
1 203 999594443
3 102 150 229
2 726 763
1 107 833712411
1 545 641452582
3 803 602 827
1 321 566467465
1 199 597776621
2 120 176
1 981 262423994
3 903 399 517
2 350 424
1 166 507621684
2 173 296
3 369 150 273
3 399 209 518
3 269 498 859
1 528 960797440
1 586 810449907
2 25 973
1 147 989340127
1 402 487113698
1 878 701079727
3 326 61 122
2 655 958
3 400 349 483
1 362 901945671
3 691 914 993
1 929 445026554
3 785 170 497
2 802 820
2 270 599
2 528 680
2 344 975
3 442 399 697
1 783 126681940
1 765 688852835
2 589 823
1 55 12409307
3 382 583 813
2 518 694
2 45 945
2 89 882
3 623 318 503
2 788 926
3 279 335 858
1 144 491450142
1 925 288310271
2 313 783
1 540 9442280
1 689 521206112
2 600 857
2 136 652
2 71 544
3 87 466 525
1 637 476724776
1 29 282398321
3 615 60 179
3 191 702 785
3 888 13 735
2 31 700
2 17 162
2 25 926
3 677 384 808
3 904 687 851
2 227 623
1 365 276321902
3 807 373 837
3 189 584 888
2 38 127
2 986 996
1 94 430629226
1 291 801827520
1 685 691652852
1 507 488498677
3 483 823 881
2 386 815
2 4 395
1 381 865956723
3 47 195 235
3 851 690 915
3 616 52 428
1 765 798960167
3 751 671 752
3 191 263 497
2 123 948
1 901 838912052
3 22 880 885
3 704 818 934
3 116 82 95
2 101 810
3 421 477 504
1 306 44541114
3 732 273 890
1 704 656684064
3 136 651 839
1 656 701581903
1 224 432387002
2 483 947
1 587 160681056
1 205 24339422
2 165 740
1 190 822950363
1 247 292355233
3 666 690 966
3 650 156 653
2 47 947
3 309 135 552
1 54 147824164
1 986 920897916
1 428 89117145
2 117 241
3 747 251 359
2 140 205
2 295 698
1 11 354857914
3 348 113 754
1 19 470099034
3 324 545 981
1 933 746307092
2 263 775
1 574 858388146
3 359 122 323
1 578 288524212
3 957 174 586
2 579 842
1 64 9729199
3 206 148 643
1 57 843734916
2 541 576
3 184 681 958
3 70 308 623
2 56 847
2 84 325
1 302 40410307
1 597 714432125
1 189 954425133
1 871 46997639
2 252 393
3 905 174 437
2 457 558
2 631 937
3 515 80 261
2 775 832
3 878 113 518
1 778 911990453
2 315 846
3 298 537 863
2 61 772
3 536 623 796
1 871 172789473
1 350 117987770
1 923 10814810
1 873 912683763
2 92 659
2 89 185
3 131 41 577
2 379 583
2 478 585
2 94 332
2 415 625
3 642 237 834
1 846 151183515
3 864 687 820
1 619 122368530
2 53 885
1 330 293458780
2 257 968
1 290 987876381
3 675 142 752
1 850 26608523
3 680 55 572
2 181 973
1 880 265305073
1 583 272432848
1 659 431576184
3 232 450 527
3 785 185 462
3 187 591 851
1 933 755946155
2 319 829
1 276 196949222
1 599 543959569
3 871 68 860
2 206 458
2 184 229
2 11 12
2 381 564
2 17 438
3 542 201 560
3 643 84 832
2 137 235
3 540 387 890
3 604 269 486
2 452 992
3 969 125 542
2 342 449
1 684 668986971
2 197 485
3 469 237 501
1 277 959745900
1 248 415163555
1 503 598456064
3 503 101 368
2 106 456
2 689 728
2 397 566
1 336 418309146
2 13 356
1 444 39592316
3 114 683 812
2 210 285
2 478 689
2 154 308
1 251 547138845
2 107 252
3 19 7 595
1 914 921321804
3 709 247 840
1 445 653756510
1 400 969280339
3 444 370 487
3 548 427 868
3 590 165 262
2 200 408
1 447 649089754
1 35 585185609
2 451 747
1 986 82061150
2 517 611
3 426 265 332
1 366 282346302
1 469 22728596
2 494 724
2 827 955
2 403 737
3 158 253 590
1 849 289317455
1 170 131602214
1 635 71616973
1 57 667936596
2 181 627
1 348 164735960
1 437 342030277
2 680 826
3 852 696 763
3 550 178 572
3 764 92 410
2 209 794
2 391 587
1 123 348269050
1 597 522716266
1 222 702131309
3 172 402 900
1 837 577742820
2 108 504
3 200 650 707
1 129 437284765
1 172 190494514
3 921 114 708
2 177 560
2 518 611
3 630 302 566
3 577 677 864
3 549 554 936
3 673 833 917
1 906 850650362
2 369 826
1 261 112754306
3 527 130 189
3 206 114 653
3 868 791 917
1 853 57024830
2 417 688
3 958 575 954
3 607 226 530
2 339 800
1 694 336743817
3 454 647 648
2 99 397
1 576 196591885
3 827 5 838
1 267 522521348
1 597 658357489
1 14 623767398
2 153 307
1 153 236110716
2 263 927
1 95 654509659
2 429 742
2 449 460
2 261 670
1 408 451340013
3 537 462 741
3 410 754 827
3 640 230 791
2 253 595
3 586 465 917
2 367 868
1 555 565935012
1 306 303997876
1 211 610681622
3 826 364 399
1 509 109176156
2 291 916
3 550 403 648
1 916 666202939
2 256 381
1 868 18511691
1 829 313330522
2 108 540
2 949 981
1 100 370599765
1 483 529496779
1 893 24879169
3 389 678 742
1 392 862562011
3 348 365 517
1 899 968880691
1 631 364956485
2 264 325
3 950 582 691
3 766 176 798
2 779 954
1 89 329535263
2 21 241
2 90 480
2 125 439
2 828 979
2 497 719
1 212 130370681
3 184 946 966
3 486 50 170
1 776 40965925
2 398 710
1 747 90689491
2 559 677
2 366 847
3 178 39 419
2 552 604
1 879 63205962
2 5 919
1 288 816957449
3 778 211 466
1 933 27687492
2 238 872
3 133 30 729
1 78 335977755
2 253 846
3 103 719 828
2 768 921
2 245 391
2 722 842
1 280 245675536
2 374 851
3 811 72 242
1 712 947486754
1 474 195581003
3 202 423 908
1 724 656397859
3 15 266 980
2 621 951
3 401 604 742
3 962 565 715
1 451 472833963
1 138 755458149
3 389 8 152
1 699 503241263
2 589 684
2 47 319
1 716 396463443
2 170 475
1 252 438705789
3 960 219 906
3 92 114 630
1 751 785669959
3 502 406 553
3 881 566 820
2 501 683
1 979 242766
1 786 373468654
3 938 15 735
2 18 519
2 297 1000
1 628 622085524
2 32 331
2 871 973
1 165 73737985
3 722 813 868
2 791 927
2 102 884
2 672 805
3 354 91 697
1 292 447500257
2 102 202
2 55 199
2 217 962
1 395 617007698
1 628 388713124
1 98 872262273
2 432 782
2 626 708
1 478 398976787
2 266 656
3 587 145 990
1 795 266046077
3 355 125 988
3 470 607 624
3 485 438 990
3 367 620 708
1 421 226104344
1 998 917976584
3 166 750 819
1 730 927092821
1 336 658223964
1 151 529953678
2 587 618
3 469 74 554
1 208 516557001
1 775 792719541
1 525 471304672
2 246 546
2 76 272
3 59 172 625
2 845 857
1 263 130275956
1 528 366325898
3 344 15 104
3 754 262 898
2 216 866
1 833 576690933
1 930 30108042
3 329 340 427
3 548 230 862
1 607 671579353
2 124 922
3 1 272 708
1 162 783966095
2 603 787
1 684 17476799
2 820 970
2 14 163
1 844 676574098
3 885 769 771
3 626 99 405
1 24 354079760
1 108 383780986
2 487 953
2 433 800
2 86 97
2 71 415
2 112 339
1 493 108677219
3 316 27 785
3 789 128 488
2 547 702
3 395 496 577
2 430 669
1 965 650433562
3 962 10 800
3 930 106 692
1 885 43421393
3 50 493 981
2 519 895
1 751 913210340
3 920 302 929
1 666 710816696
3 295 331 841
2 80 439
1 285 16530640
3 484 356 608
2 169 763
2 54 401
3 295 125 202
1 865 257387445
3 261 367 698
3 722 782 827
1 272 390879386
2 345 740
2 278 761
2 354 895
2 546 640
3 466 491 863
2 703 723
3 133 86 170
3 798 440 886
2 348 824
3 453 427 758
2 354 836
3 721 53 175
2 202 888
1 449 127853246
3 126 343 431
2 713 938
1 249 45289133
2 104 772
3 736 109 790
3 794 57 619
2 139 434
2 345 469
3 629 744 791
1 209 698925789
3 253 328 465
3 121 164 994
2 492 644
1 42 632653009
3 797 687 910
2 438 446
2 728 839
1 489 754834361
2 226 404
2 184 857
1 789 290367565
1 83 279482366
1 50 203751425
1 972 875393645
2 254 968
2 186 955
3 478 850 864
3 870 43 504
2 63 315
2 271 797
2 788 846
3 339 371 449
3 484 390 907
3 332 83 895
2 510 569
2 402 885
3 290 674 776
1 275 906997233
3 2 655 788
3 574 9 442
1 773 149904426
2 206 330
1 678 295713868
3 563 125 728
3 926 201 620
1 721 894493938
2 462 785
1 256 115709310
3 507 124 616
3 992 190 636
1 707 455237679
2 160 419
3 475 194 241
2 160 651
3 857 124 542
3 319 424 748
1 69 403981273
1 145 87616565
2 486 902
2 77 307
3 933 402 775
3 947 100 996
2 663 868
3 551 621 761
1 877 188553592
2 331 947
2 296 695
2 16 730
2 85 423
3 932 266 406
3 207 184 276
2 153 406
1 794 879270363
3 748 707 928
3 854 441 671
3 798 324 726
3 44 176 882
1 412 237710357
1 584 933674031
3 875 426 693
2 29 150
3 683 635 667
2 334 764
1 248 433271660
2 429 1000
3 237 274 624
3 8 80 752
1 167 69890815
1 821 605710373
1 80 65393242
3 799 755 884
1 461 653822648
2 95 977
2 550 611
3 180 140 221
2 208 339
1 724 891552521
1 128 7314783
1 256 758931507
1 932 194806787
2 290 875
3 822 221 441
1 306 13007926
3 375 19 811
