100
125424124
624922315
271014087
132289348
958640119
814964625
42920507
263302397
535828823
595689099
85865591
816242150
114901186
55534743
184242739
720201082
769780388
43928179
501310764
942307933
710355883
598203203
677079715
565986515
789657418
41940751
228416477
56762182
18281526
122979651
767956129
461316804
971267308
11425582
303974845
89156990
865999400
632232579
22581121
53887307
90142063
5430235
3614274
854842402
695240071
68439856
533697241
260218020
824583930
842327139
902000930
525921424
622672534
669881784
612802173
178535244
226358255
19055701
228531792
428804195
574175196
178424518
293292674
444333569
592087798
66422140
1605634
809999225
418910237
900147529
390666046
143257536
7785714
830788582
720017069
970154991
103791197
544450670
489536837
166630853
703991561
18442208
13813509
471974435
861102563
874517920
151289197
124436366
264111775
845960694
630656513
348358832
48065588
325428366
122319050
627005143
684522843
26901239
201711316
15354996
19 76
42 49
7 54
13 17
14 64
11 44
31 57
34 79
25 59
3 88
60 70
56 73
6 46
9 28
41 82
49 96
15 95
71 80
19 38
11 22
25 30
1 33
22 67
1 83
58 65
44 50
47 58
3 42
78 98
83 88
33 42
87 89
67 94
70 74
68 74
4 56
36 47
83 84
69 71
14 65
88 92
82 88
49 89
58 89
7 28
5 14
58 85
86 87
70 83
48 64
20 79
59 90
58 75
65 94
61 77
17 26
21 31
19 86
26 80
7 60
53 68
42 60
8 75
79 90
59 70
28 91
6 92
13 32
8 21
80 97
40 95
1 78
43 47
14 33
55 81
77 97
20 28
3 45
15 36
24 40
26 28
54 58
13 42
42 64
49 92
55 75
5 37
34 63
2 14
4 48
34 78
36 68
57 74
26 42
45 49
36 40
20 90
33 91
34 45
33 70
100
2 68 83
2 47 64
2 27 95
3 18 24 40
3 29 29 31
1 17 557867245
2 45 87
2 15 78
2 44 70
3 15 16 18
3 65 46 53
2 56 72
3 99 7 86
2 24 29
3 95 13 51
1 86 801129264
1 10 553313878
1 84 13495787
3 71 85 93
3 58 22 51
2 5 88
1 61 64846111
2 43 60
3 51 1 49
1 57 95520135
1 83 935765327
3 30 37 57
1 8 7739618
2 3 35
1 46 669778457
1 10 824751840
2 15 17
1 39 931175203
2 69 73
2 17 69
3 100 36 84
3 44 38 42
3 52 90 98
1 28 576494027
3 47 42 55
1 97 46599620
2 17 99
1 47 196449074
1 28 306368365
1 65 710386373
2 4 75
3 33 31 88
3 10 41 64
1 85 97737820
2 81 87
3 16 73 86
1 99 202306724
3 60 36 79
3 88 68 86
1 46 59640077
3 21 10 85
2 47 81
3 83 29 48
3 78 2 95
1 68 748616828
3 83 13 68
3 1 5 69
2 19 58
1 80 394006746
3 18 31 74
2 26 78
2 66 98
2 1 20
3 76 27 97
1 90 660362924
1 62 690598564
2 5 28
1 6 627282424
1 31 709717172
2 41 57
2 27 70
1 15 446977680
3 22 61 77
3 99 10 66
1 39 530739690
2 85 98
2 50 76
3 74 61 68
2 5 48
1 9 590474717
3 21 1 24
2 14 33
1 76 59571441
1 8 148243061
3 37 21 54
2 3 39
2 40 48
2 25 73
3 39 30 97
3 77 75 90
2 34 86
1 65 919469364
2 5 36
3 100 38 68
2 58 91
