1000
152053885
353991712
678151203
831484936
389075970
681871976
216764958
945687806
306748095
500555766
885786136
919110832
78595367
44512196
114738652
509523012
619651709
826360385
94756937
722585232
386105692
120497613
887516626
846453921
899315759
212223809
110493951
989561399
592674233
633751653
273147625
457175623
604033422
829422200
140294081
557394808
38464152
881056428
189413194
25449638
586740116
220716711
685180251
245199202
572601746
771821827
962371166
941909616
544782456
561577423
990161876
303713864
445363584
351858444
923575502
606248342
764916661
741210417
788774517
12752826
684465786
474339239
302623875
614568776
646655491
254843213
974238151
499682953
766058458
249666805
824246438
987960312
447397723
948755941
49553813
41905862
285785657
937922648
11017119
843755350
879549687
174820858
871912165
106463170
703718255
177345136
75213081
140134484
560392526
51922893
250404866
652649486
646639254
171713310
737915388
347383074
978338843
620564703
690695285
803039611
874136583
845083011
235933808
823918387
721377878
514123249
697402118
588093722
654761306
513141761
656969184
561156917
443168312
851036931
740257726
543901500
584472938
849039417
20476660
2123547
313003835
537287511
703746023
235430771
36670541
38353674
96307604
270060566
686774806
158652783
558424585
1493134
54445407
966473879
297257194
281873047
630577348
504381193
31886318
552193184
431673655
78304320
833538400
976967245
739388029
16960809
58725022
418631928
47752623
934455463
531784349
988113964
586931131
831986703
598980707
918999593
22762976
923692972
653264267
460221539
470316597
859286331
235556037
387315715
461844514
523670128
196529236
647490148
7554790
896463215
771534478
213034391
53071376
751253844
863308383
289766623
587522053
5022380
680178630
143690037
664376960
611965946
213507158
578342342
335627533
107688499
70662582
29502576
162294158
992596290
926038050
458533449
490430135
954596997
990881512
494470169
935531665
37131598
732855532
521900762
596218
56673635
245667621
386433087
197488675
965364606
605782813
456149802
417381649
168214989
68046709
669195316
246954525
596634227
59321438
789899817
123273588
220366341
569072673
798682761
549692823
20754446
42609048
342649353
371759580
287214476
335145651
467810576
556624619
269139825
20839668
116963386
589678402
109396771
320362995
277641432
375084978
764738300
457319899
748438894
122120159
838935755
222710251
260765236
366304964
66734673
599823606
29313941
50871597
341622724
228633571
552654003
742434875
468098128
594004525
726978529
275803620
310561425
610783844
988816168
90513776
813896474
7005355
181325507
923054589
494744305
251134264
702344099
338136316
730232848
277390552
975810539
131581617
443985382
533888360
942097269
982520503
589912532
754980956
166257739
461311098
179980209
647142716
375642927
834981819
36510790
781848098
615432211
900849936
867300306
402249789
54759074
839607905
433814151
732247121
926780085
759574379
115875084
904156981
865760479
449482305
905884409
462418516
410521314
338853830
168277342
928121900
978939959
445195317
418183996
55422674
828418698
529336218
54524938
811670124
814988859
384711254
964664882
123556277
622452447
260946334
189562769
978302589
494667708
348071932
649221627
69379623
954589265
394876365
560351668
461170217
509931724
534976961
798940152
871809167
9231506
100104543
659805044
795228280
247474362
861970814
192903370
421017751
811695250
745385677
526295825
246107572
807467545
559826508
28251219
894461736
825593987
128155088
267494925
923395941
305781433
992056451
296240563
132973675
476513238
661584738
731365673
861993044
987528106
957492669
453370699
828211658
970488635
382097851
955965542
61781131
234641727
582375635
92345021
456137196
596324003
62945363
988088069
85041490
900418312
917737949
687200489
538140859
765688129
663974886
407003015
432547123
169612246
315759157
895330800
869618527
241297796
781596266
68930476
288430070
966881722
469174388
450099508
191195203
103436573
541001497
631043190
264983205
816655877
640276595
831637845
80781071
125719806
119839341
1006118
926171016
30584136
479230794
569588789
256282796
520191320
419242526
450782269
237693481
230948693
695265107
208773875
320208707
460670363
513793317
697528700
680365904
726888251
506603558
833129970
430728764
901590137
469903292
869951460
257666311
259232588
458976926
441572563
899189314
953861090
943393626
31554229
682791574
892820762
949100754
61670517
713689405
703643912
629264058
778349681
533852294
97560948
748513819
830804219
357460565
809634907
153847252
983464665
219605153
9588845
895732500
35967430
332639733
26642317
598712801
173167342
503324143
586102101
72376212
710987125
757685700
876580751
950272346
567062257
26409658
276354749
274391221
865329131
964533421
319891601
918552569
158789730
979120778
987946613
704139471
523768905
169785047
426275333
534316726
903606276
845901353
167686544
925560701
250098926
293286316
824591516
820419530
799378902
928595871
62881886
830035862
744446845
186801110
374213701
167735982
325402
943996982
876074609
159963443
292978902
599874876
57183796
374897691
45328465
694905462
362392216
253823407
808029467
556222216
59206360
877229579
971807035
741091881
943222501
422073249
982706092
172172195
104614371
491289525
175419611
923167831
713367721
765789922
183240490
253920950
463851077
233575828
966157168
33318217
554948726
700311693
194019703
821337386
845558832
770394465
280759420
413012617
513169947
699941625
519740339
705183016
993995540
941304339
91291328
771319519
467575979
821851584
130341439
365622809
286516643
578054117
559813693
413613653
803209846
302974394
279482557
415998118
551987662
101408846
709869108
281443379
934058252
379071746
880964109
146337464
299491525
118992393
170890533
328557827
48017216
660466415
105554000
341932920
758130426
22343439
923265235
192065165
630337314
876975130
421346536
733141838
105667613
436848279
453201981
937201627
208687619
475521630
674527348
666676197
581972768
335317276
13758373
359780661
950211700
364446930
55531736
850175013
570376756
192852053
632158860
99671076
37947974
363900880
549042994
802300982
637178569
879130941
223502258
943180658
636693131
950381808
826114021
597345667
981873040
34534413
40399642
273021736
416643986
706603788
472874641
462809780
34108540
962594364
49394691
255400078
76941037
213880381
30333464
376491953
125140155
79632005
970437871
995111469
90830702
575832028
149441690
737876388
306078401
807305440
653208479
132728783
228651812
867958401
851727224
891512567
576760381
653505670
822014740
32018556
229583714
956444166
389587796
871817041
778002464
399871472
525300622
566033534
472313016
21833604
580929037
686492
115143836
477816535
28422800
525590877
498740982
451021139
963998919
410844674
50331938
565782069
41931993
774303202
758883631
992446221
542255072
938160618
310168162
260558914
982829675
993314839
60738995
648378763
603039483
276843518
293923918
821892727
760562311
278685509
536085011
419458790
19798264
166302247
81088022
474998669
111954349
33577460
795871008
754956918
218207225
620082062
397459500
450232189
50911648
49675757
895753451
76154069
478653790
596891804
64949313
285636481
23485279
620404282
859999942
816176091
754551240
819049210
598931269
645355025
389993261
64796963
278872896
427410083
196275480
148770193
100593002
769597158
211244169
29848626
53169195
642498948
43188336
554163338
706737696
219472633
435822644
751181871
918124185
629339672
704926768
263998798
39651353
621727876
202571313
913602340
893147865
883204919
22397434
881546886
25843014
971195134
732614080
837794393
247917694
676905211
349098669
539150362
788100823
449368866
632100193
930516056
25889368
879070397
664303725
11964725
579330365
169207528
858002134
208142569
568036983
330373398
728222872
872759871
43450922
625033610
20597536
188886293
36396590
809623006
47997905
458045664
665492111
216077183
423238272
195278630
453769741
188663855
253860344
391615491
73748125
212601474
143541367
172680869
858787301
619563617
65158702
108188111
227063235
58253707
146867141
286667866
124453063
615902223
592578261
671984047
569895605
188608723
662510188
520411726
850298117
18668048
9561485
79076426
850697058
554778067
780984750
271836107
369993774
667580030
223105848
370934666
719460604
220826437
198892042
98778457
12247828
629401777
766213109
789357209
398649331
182348064
963722049
242271425
403155400
238038339
878949160
594982366
280580089
816104607
628819030
224057614
63779228
618014221
548475247
812155651
524774398
403961914
440568712
591424134
7172896
60566056
32362157
605120753
655374900
98687915
640814682
366938804
852121124
63444460
529748482
96399313
232139788
300241897
64274827
941030497
609330619
633428723
557629903
38080269
595310134
253059887
30695709
300237716
16100917
957190166
916755382
40396108
167993508
864532725
721109073
141079961
986257187
72581485
67818135
685168248
495965830
7586292
775215527
98535671
838792022
760922194
876224659
975772601
476247630
707704869
109797090
564749687
485019871
554185566
209511180
787039610
249553324
3158722
589842689
138671139
804866319
996353641
682079906
757408611
797445522
353285698
257386566
592277315
96637047
798120590
957713718
738958941
318755377
645907552
444789810
25440865
116950760
802887204
641763306
468404369
268991225
89844756
3447685
53280837
309118835
363148484
952370974
238185831
662984348
33230744
269980738
739640568
621885546
158775113
22657651
493855114
745981706
44866659
368454568
932020676
33135452
720786378
14430411
357651170
738283893
27633968
29054522
342671666
441916700
954860960
273049670
447076503
359083598
889718263
259080119
588428554
897443258
960011622
145907269
324764436
571136325
551861745
792877857
419221589
417245318
552128755
727359338
243411968
30594891
282197912
762901176
684332893
806171667
8782177
161109909
742835782
758364306
998667939
444545023
708423594
884671025
371637512
753590759
100167181
958350475
61 413
86 169
178 698
111 119
508 950
657 756
440 686
822 934
351 581
628 907
67 660
201 985
17 377
106 215
387 710
466 698
86 601
745 906
476 762
194 930
102 517
755 932
359 929
609 738
394 704
205 604
889 897
467 505
145 323
383 600
298 346
766 819
594 826
556 612
531 814
839 940
60 473
483 759
101 366
134 830
271 824
15 306
459 745
90 421
232 294
16 711
555 771
268 914
122 880
230 575
143 236
517 572
167 367
120 309
425 836
417 604
260 289
223 243
650 942
422 901
496 928
372 938
257 424
84 719
148 789
23 339
646 705
507 582
88 921
305 416
258 943
300 788
269 750
56 964
270 797
382 792
443 575
93 504
365 657
574 715
323 652
537 959
24 243
158 924
70 166
121 508
485 584
373 516
309 774
182 360
239 568
653 733
113 412
82 396
166 244
96 104
10 900
384 751
84 227
285 637
529 598
321 721
102 948
278 574
594 832
606 731
461 958
412 580
315 734
384 559
20 123
176 967
185 957
422 496
693 919
640 755
305 658
519 656
653 666
30 505
366 412
7 734
679 882
171 770
552 829
338 935
525 535
614 760
9 342
108 681
660 989
156 953
56 488
151 934
67 946
510 990
280 907
601 632
51 355
108 511
225 345
751 955
15 914
127 319
84 140
761 908
399 616
538 558
538 547
619 976
341 854
300 803
103 764
313 476
226 626
150 724
244 931
305 396
578 589
445 642
178 615
166 576
765 897
240 778
671 771
290 343
78 675
266 938
33 116
153 672
77 710
521 903
187 522
124 132
806 808
125 379
727 844
709 754
405 599
136 293
607 872
454 803
228 524
922 959
112 368
222 641
695 939
101 378
118 381
648 940
541 681
362 527
452 968
541 932
67 169
312 569
259 747
178 862
615 768
828 916
372 998
221 903
421 565
181 347
634 656
194 333
38 183
368 899
32 111
347 423
340 432
153 715
43 298
160 176
232 599
23 734
13 960
613 646
192 897
722 870
163 494
484 520
492 785
319 343
143 572
220 537
402 570
154 495
68 168
98 984
195 492
402 546
301 972
195 415
41 793
71 866
350 394
348 781
53 161
16 489
10 516
250 350
375 829
204 635
217 867
66 312
130 951
164 583
328 973
431 914
111 820
476 983
763 893
89 805
801 894
225 659
439 884
58 362
70 280
626 890
370 963
826 874
399 915
470 654
57 688
515 830
490 963
366 766
176 186
725 983
496 761
940 996
110 385
350 498
196 524
393 833
96 974
437 658
36 360
693 990
7 167
195 582
443 668
620 698
125 781
243 440
547 825
92 297
739 994
120 644
407 435
327 970
421 450
192 657
112 335
310 606
499 945
514 648
241 553
402 415
494 950
176 570
240 758
14 956
413 709
571 590
262 527
925 939
48 610
182 950
699 902
509 992
150 916
298 498
697 755
31 390
522 964
198 523
217 392
125 762
668 685
292 747
292 581
87 809
686 717
149 971
571 994
708 812
698 911
163 731
148 717
134 355
720 993
381 924
237 736
701 808
410 822
432 534
541 544
163 477
230 856
487 845
172 773
41 944
461 530
131 445
43 577
351 527
704 812
4 606
516 773
38 526
84 643
168 483
288 625
440 456
712 746
334 362
161 749
310 974
350 369
194 880
349 436
49 793
734 842
867 943
103 742
337 746
619 796
229 918
456 909
607 898
300 658
105 469
433 465
314 885
147 331
216 981
18 596
363 396
345 891
43 673
525 782
110 788
112 279
168 978
336 467
71 772
222 236
741 799
277 451
46 590
206 753
166 363
97 771
332 385
463 530
239 263
290 438
849 961
385 951
74 697
24 265
25 29
50 877
546 744
275 723
40 279
194 935
130 531
166 452
565 871
231 542
197 428
19 468
248 531
144 969
297 827
189 234
43 997
83 737
57 408
661 831
730 850
310 668
251 616
109 643
430 684
210 873
584 971
83 555
5 647
183 580
698 970
159 583
55 412
136 747
743 793
433 835
603 998
255 693
469 915
159 776
611 998
698 967
3 931
102 392
438 544
304 902
178 580
247 599
75 116
71 602
280 560
184 443
580 716
183 375
86 936
629 659
32 194
584 624
5 870
124 225
246 834
44 428
456 632
161 988
248 746
662 810
158 866
479 748
75 378
229 429
396 624
34 717
355 407
413 683
32 807
85 952
21 837
651 656
173 710
614 872
141 754
391 808
133 419
582 669
146 946
135 678
2 777
655 745
284 599
613 882
49 995
866 996
162 467
265 662
307 427
49 877
258 315
141 450
400 722
252 696
828 1000
423 474
672 914
625 800
165 504
488 704
33 704
485 570
65 768
387 520
530 799
366 458
597 805
209 310
111 268
694 864
222 694
170 236
201 642
160 667
267 523
854 970
729 879
28 381
679 806
301 972
314 891
318 348
112 816
246 354
126 823
391 633
330 754
542 612
449 514
720 773
381 947
154 799
15 990
171 344
31 706
353 477
165 533
217 475
213 378
65 400
186 543
19 639
814 958
34 486
55 348
94 401
519 677
724 903
519 582
321 877
256 990
355 856
608 663
343 920
123 348
172 456
99 600
106 475
473 757
507 803
504 948
405 733
343 888
132 913
411 649
258 447
729 907
278 923
101 888
473 505
834 876
309 337
771 964
812 941
708 900
349 928
253 329
620 922
464 523
248 887
29 319
306 739
267 415
343 577
570 616
552 702
700 986
635 862
477 831
826 922
173 749
436 712
381 451
31 923
808 920
382 733
193 883
555 605
500 916
805 883
289 808
7 916
259 388
894 918
20 500
70 467
246 662
643 865
315 360
869 986
774 934
72 767
39 326
36 329
364 435
199 456
359 641
21 858
38 769
538 567
675 698
198 976
642 758
427 833
699 932
870 910
317 332
277 830
270 457
6 541
163 572
303 449
589 611
204 337
79 746
516 705
42 49
172 503
14 126
266 834
110 885
170 623
478 697
98 581
599 730
85 683
244 419
378 806
450 989
819 976
636 920
239 266
78 123
583 810
188 900
119 942
705 926
386 822
14 56
841 852
83 744
652 683
54 137
24 321
135 585
96 673
880 958
32 496
274 829
456 720
98 338
471 952
142 222
417 773
369 923
383 515
171 787
79 934
679 841
370 378
75 550
287 545
315 558
117 424
46 753
798 865
627 943
770 911
134 635
67 994
8 860
783 961
247 371
86 558
100 982
231 423
29 230
420 851
270 831
96 628
14 257
70 273
4 92
625 851
100 635
52 825
111 301
128 495
753 804
16 220
28 640
98 903
377 652
588 811
418 479
136 850
740 779
297 326
463 519
626 852
402 835
105 188
452 784
607 783
223 427
334 455
475 763
282 586
418 693
18 509
357 384
349 421
763 837
865 950
571 914
539 847
748 832
125 489
380 577
219 635
363 700
279 687
212 493
49 135
768 899
179 285
242 609
272 386
709 963
95 129
532 680
342 879
164 583
348 451
142 921
26 500
121 204
180 586
223 742
267 425
35 955
612 862
184 648
75 784
501 653
601 665
318 638
387 712
8 555
642 902
497 672
412 786
134 708
42 639
144 321
8 9
251 704
304 428
431 855
639 645
381 592
253 398
214 342
78 786
344 907
239 516
485 926
206 594
447 746
374 868
141 304
94 392
681 990
159 967
800 861
478 735
500 683
229 872
174 991
121 499
455 701
289 612
180 810
434 927
167 977
466 636
72 458
260 648
509 799
265 879
770 907
392 766
225 490
40 113
73 133
305 634
703 863
337 423
353 992
773 918
221 922
11 550
679 713
35 56
421 852
111 557
199 517
315 422
462 696
423 621
388 732
704 913
200 400
388 480
653 672
40 198
212 635
383 725
33 773
572 717
329 879
280 608
681 939
311 445
138 592
335 865
513 945
101 356
224 786
173 355
777 873
72 905
205 387
466 862
538 738
174 442
442 956
560 724
102 255
99 452
141 594
727 902
327 974
524 620
303 662
376 605
67 867
590 951
87 994
844 921
261 798
182 626
686 687
124 853
286 600
153 586
532 736
99 942
358 842
114 726
570 718
58 536
118 141
586 607
152 330
404 735
737 786
46 90
219 426
191 552
586 942
349 779
570 824
53 858
110 838
389 651
131 304
434 581
331 374
339 579
774 966
512 704
157 958
580 653
3 322
61 648
203 687
187 690
267 477
20 537
304 496
252 774
88 432
350 615
353 479
187 976
356 651
354 820
60 263
147 224
442 804
174 941
42 787
350 372
588 963
83 833
491 818
763 832
816 909
31 653
366 408
6 83
499 967
324 713
169 996
349 935
243 907
850 887
122 525
416 936
100 235
738 904
863 923
111 334
722 888
543 812
481 485
11 772
91 546
319 597
564 874
398 920
221 875
402 647
658 721
184 558
411 507
1 161
460 684
854 978
189 763
62 340
330 572
113 709
21 196
199 685
258 894
554 943
417 537
93 444
726 961
106 651
201 565
478 773
267 315
67 439
249 717
597 766
69 945
563 849
327 471
182 831
41 482
571 826
246 543
78 363
291 720
460 625
104 758
44 983
219 314
1000
1 126 387877878
1 259 835072041
2 241 922
3 459 328 499
3 340 743 758
1 268 876744492
1 920 707257541
2 490 906
3 462 38 333
3 30 549 676
3 877 358 408
1 380 16643351
1 592 317664424
1 493 452349155
1 979 739455466
3 634 249 572
3 918 479 811
1 579 944252731
1 134 78070342
2 847 891
2 484 602
1 82 390723230
3 598 608 750
3 795 691 994
1 612 921410363
1 774 319420404
3 794 199 967
1 563 44878660
2 138 399
3 648 542 559
1 486 104235311
3 982 402 918
3 275 422 741
2 127 966
1 651 656617317
3 805 147 178
3 801 336 578
1 701 429568423
2 186 820
1 513 680498378
2 159 793
2 174 831
1 333 780101202
3 913 62 232
3 57 135 194
2 857 974
1 5 9976776
3 58 774 941
3 985 509 677
2 345 521
1 393 330028882
3 127 149 525
1 409 361989945
3 10 701 889
2 58 738
2 102 978
3 634 44 836
1 130 259776654
2 154 933
3 391 852 985
3 95 464 588
2 648 978
3 903 283 322
2 463 608
1 770 57506960
2 12 877
3 10 275 930
1 967 21794423
1 939 551884922
3 367 394 513
2 272 993
3 106 600 697
2 396 665
2 603 767
3 487 465 471
1 909 94425015
1 936 712160718
2 40 894
2 807 812
3 759 350 902
1 902 729402759
3 902 80 467
2 173 391
1 774 757355003
1 864 42918741
1 115 329827218
2 272 537
1 558 451083530
2 345 719
3 490 45 712
1 702 851580511
2 86 220
1 813 588304628
2 193 873
3 862 285 317
3 217 118 901
3 611 123 738
2 282 944
2 585 598
3 752 99 887
2 297 387
3 554 166 983
2 404 691
1 40 824047246
1 260 481050676
1 731 278568781
1 897 109099826
2 114 653
3 181 567 842
2 141 498
2 528 620
2 588 633
3 228 72 469
1 342 691781577
3 929 874 963
1 627 892514147
1 675 724171541
1 36 689386564
2 10 521
3 121 115 646
2 128 532
2 799 889
1 250 501656992
3 135 311 492
2 419 533
2 411 729
1 774 503664942
2 758 920
2 208 998
2 402 808
2 167 722
3 836 227 776
1 581 545375028
3 514 57 235
3 385 300 763
3 964 136 844
1 571 772662176
2 208 716
1 924 23756930
2 229 676
1 63 841797462
2 88 109
1 654 767714933
2 114 995
1 981 546976567
1 760 631896743
1 306 127992064
1 312 837501036
3 13 575 810
1 633 801599632
2 79 491
1 454 657236922
2 293 594
3 352 750 758
3 281 82 771
3 641 808 818
1 607 389275223
2 762 931
1 41 22012285
3 916 346 367
2 911 925
2 131 840
1 535 231405840
3 632 483 908
2 125 913
1 903 316602747
1 910 817890136
3 484 408 811
1 290 991479515
1 44 47844588
3 814 47 478
3 608 707 844
2 51 686
2 421 886
1 192 207468925
1 242 120096138
3 947 225 451
3 68 460 931
1 852 216944142
3 155 339 561
1 823 218971614
3 723 416 899
3 684 78 934
2 406 656
1 72 334427682
1 511 235453582
2 457 822
3 607 17 652
3 634 71 434
1 14 587183291
1 430 979370260
2 122 979
3 512 102 703
2 184 308
2 566 764
1 104 365363832
2 91 865
2 858 935
2 126 376
3 160 111 673
1 756 942703627
1 66 593020982
1 739 542406185
1 876 187637924
1 51 547372915
1 414 389307891
1 380 495062860
3 89 565 907
1 406 784025149
1 253 382285181
3 81 128 286
1 559 241893661
1 788 145953020
2 205 973
2 459 967
3 66 154 369
3 873 392 779
2 503 659
3 839 192 548
1 143 719426583
2 492 869
1 681 838586785
3 741 719 963
1 129 563695002
2 355 853
1 420 497833258
2 304 350
3 621 209 576
2 424 752
2 435 613
1 293 299063873
1 54 509671232
3 372 427 494
2 20 788
1 91 91748133
3 730 78 553
1 985 927177626
2 592 920
3 374 389 543
1 118 914741859
3 261 316 343
2 409 686
2 235 480
3 809 759 892
1 119 990564531
2 168 857
3 669 485 621
2 18 197
3 37 372 472
1 347 338337469
2 222 367
3 880 284 830
3 256 26 249
1 619 494540504
1 778 348909493
3 580 274 897
1 451 834892
2 39 809
1 975 710452955
2 24 606
3 823 320 592
3 637 141 237
2 163 233
3 899 770 785
1 539 766198360
1 149 894009990
3 340 267 985
3 667 236 600
3 419 728 902
2 339 635
2 118 858
2 65 67
2 196 946
2 58 902
1 200 92991877
2 58 765
3 848 607 702
1 828 89394273
1 142 519440166
2 19 527
1 645 27306645
1 440 833633678
2 152 699
1 330 629135057
2 86 979
2 365 939
1 310 816917599
3 872 439 761
1 647 231454222
3 820 27 572
1 40 757091925
3 966 156 882
1 113 441809545
1 415 217000595
3 289 174 987
1 890 51953338
1 988 202693723
2 23 243
2 642 761
1 243 700546459
3 191 770 906
3 936 322 915
2 54 972
1 355 56619336
1 224 991567214
2 624 943
2 282 957
2 17 288
3 417 284 545
1 971 566123579
3 440 84 259
2 152 748
1 95 526604076
2 397 879
2 11 618
1 733 630851517
2 29 654
2 79 883
3 847 835 920
2 671 732
3 887 412 779
2 153 580
3 919 71 889
3 96 465 945
1 801 849330206
3 601 237 457
1 331 157927399
3 811 678 689
3 82 310 951
1 234 50887067
1 496 133131351
1 207 963514532
1 615 573914216
1 570 287702735
2 14 316
3 277 571 572
2 572 837
3 834 77 154
2 177 988
3 428 271 460
3 355 545 816
2 357 670
3 782 42 783
3 520 727 871
2 817 950
1 88 405136450
3 238 286 547
1 36 750105471
2 111 136
1 409 184723755
2 712 836
1 548 114111360
1 285 214642441
3 15 75 873
3 705 704 727
3 21 215 801
3 144 213 225
3 332 763 926
2 28 748
3 752 834 841
1 473 213242363
1 612 834006160
2 536 663
3 659 758 928
3 240 873 970
2 52 500
3 976 899 995
3 487 825 860
3 107 182 194
2 78 467
1 205 895235230
2 405 733
3 815 416 967
3 109 685 755
1 949 626520893
2 239 650
1 891 745233918
2 484 535
2 216 801
1 356 414005287
2 699 864
2 470 604
1 928 447132087
3 187 730 760
1 926 129550081
1 886 929033048
2 180 702
3 305 66 90
1 974 48978500
2 324 541
2 420 526
2 204 873
1 459 593304085
2 593 912
1 650 698647315
1 910 327472650
1 878 567418677
2 29 800
2 398 487
3 792 49 973
3 430 324 891
1 584 829802973
3 26 563 783
3 466 151 801
1 375 227921014
1 23 642622111
3 637 177 423
1 716 51914966
2 654 805
2 524 899
3 424 20 460
2 80 407
2 691 809
3 115 365 986
2 476 564
2 496 724
1 754 270161621
3 145 42 701
1 871 345981287
1 326 689268262
1 468 586402649
2 240 372
2 225 897
2 419 708
3 844 739 954
3 300 520 768
1 408 14076766
1 937 121701972
1 898 644081826
2 207 482
2 237 617
3 851 135 359
1 172 269487495
3 263 881 980
1 476 85726519
2 514 734
3 898 268 704
1 782 557141217
1 884 679426858
2 213 532
2 3 959
1 36 418326242
1 687 927406361
2 569 700
1 950 382419365
1 373 860409478
2 696 955
1 722 169197400
3 352 764 835
3 255 37 604
2 359 834
3 92 115 910
1 610 118368657
1 983 297846460
2 66 975
1 840 282372541
1 593 955246900
3 170 544 733
2 922 963
3 348 183 671
1 241 88770581
3 311 150 178
3 642 228 353
2 235 364
3 648 274 743
2 517 857
1 58 10071476
1 818 444694850
3 732 734 756
3 445 570 874
2 627 943
2 460 546
2 668 956
2 356 908
3 306 307 602
1 371 61172634
2 183 627
3 102 527 992
2 111 325
1 685 878922411
3 609 916 965
1 996 357387660
1 991 360140886
3 510 626 733
1 828 18813382
3 850 21 996
3 896 346 453
3 269 463 557
1 475 426810479
1 584 765985756
1 647 378130883
3 846 374 961
3 971 189 291
2 542 882
2 112 147
3 946 175 321
3 108 333 982
1 390 510143472
3 495 329 733
3 897 803 841
3 753 735 766
2 74 791
1 792 920961596
3 719 32 900
2 173 215
1 505 135793675
3 520 201 887
3 393 110 871
1 312 729808007
2 253 980
2 24 222
1 864 520389801
3 848 821 829
2 475 840
1 735 873514409
2 192 621
3 396 838 896
3 469 1 263
2 122 183
1 933 908787124
3 602 22 258
2 31 889
3 217 458 863
1 417 982948034
1 826 642150674
2 179 185
2 495 815
3 440 223 784
2 355 860
2 337 562
3 578 333 450
2 613 901
3 843 81 315
2 318 706
3 71 244 935
2 759 939
1 348 79217531
1 200 621309860
2 502 858
3 401 642 745
2 255 612
3 673 343 352
3 768 116 637
3 427 206 720
3 629 568 835
3 915 115 266
2 539 682
3 315 222 834
3 97 661 888
3 712 449 651
1 472 78791982
1 362 264527719
3 628 16 883
3 966 542 583
1 316 70107302
1 221 457846022
1 391 526419974
1 997 379296411
1 205 630807545
1 948 882719616
3 75 421 700
3 378 502 717
1 493 744997741
3 636 719 903
2 657 731
1 728 441338900
3 987 441 912
3 7 677 898
2 534 732
1 650 827743969
1 951 882415717
2 864 981
3 332 828 957
3 224 445 486
3 948 6 50
1 253 97808163
1 99 55276479
2 519 603
1 781 646712695
2 935 945
2 436 721
2 124 422
3 238 151 657
2 17 705
1 11 25884073
1 279 258898787
3 733 132 594
2 124 401
2 285 821
3 17 186 833
3 958 581 787
1 913 142304064
2 423 533
2 64 657
2 245 668
2 351 989
2 333 432
2 256 350
3 499 178 190
2 450 600
3 45 167 303
2 44 156
3 644 378 549
2 799 876
3 251 147 761
2 247 281
1 526 606218668
1 570 460555770
2 93 829
3 746 481 593
1 665 633161937
2 130 485
3 357 162 277
3 203 271 903
2 189 971
3 304 760 850
1 726 805995786
3 305 350 909
2 111 565
1 722 544128017
2 724 879
2 228 894
3 124 196 289
1 960 329903121
2 250 595
2 63 288
3 245 460 822
2 206 222
3 132 87 341
3 750 608 858
3 920 583 697
2 215 253
3 46 606 637
1 680 28479145
1 561 743409456
2 153 730
3 293 492 702
1 58 745886117
1 620 636497392
1 81 868291327
2 643 978
3 736 185 192
1 74 892944302
3 784 468 595
1 432 387445823
1 101 90207650
2 597 940
3 148 433 974
2 317 448
2 250 476
2 816 947
3 635 155 856
2 23 54
3 484 370 870
3 675 429 778
1 755 297972737
2 114 458
2 405 804
3 658 418 972
2 230 957
1 652 888637650
1 296 227103491
2 517 739
3 908 51 528
3 386 94 910
1 263 42020752
3 776 144 341
2 747 991
2 144 532
2 357 387
1 797 524265501
3 125 92 297
2 528 673
3 462 371 541
1 698 917661861
3 276 250 463
3 607 37 52
3 87 502 825
3 417 477 920
1 979 518558041
2 333 509
3 91 428 433
2 230 302
3 752 463 884
2 554 629
3 437 657 862
2 605 977
1 126 95597581
3 286 388 549
3 695 795 942
2 693 832
1 133 915712316
1 317 486097037
3 177 429 964
1 792 639282560
2 505 562
1 773 655845717
2 211 537
3 288 76 764
1 170 369073334
3 132 367 634
1 474 981216945
3 614 88 202
2 787 982
1 227 824075127
2 248 407
3 53 209 307
3 492 435 962
1 334 231460138
3 444 6 122
1 826 416360953
1 635 845252021
3 680 628 807
1 384 16756815
1 317 849610279
1 887 857878589
3 742 500 779
3 973 859 933
3 763 294 724
3 761 81 457
1 774 611303855
1 302 147295880
1 197 381651788
1 106 719447780
1 299 140907573
2 241 818
3 279 403 574
3 491 13 402
2 132 909
3 984 85 955
1 205 793255005
3 383 73 764
2 350 518
3 755 18 726
2 77 545
2 287 571
2 50 747
3 323 610 691
2 419 602
3 23 706 798
3 299 181 344
2 451 504
1 689 983210295
2 922 983
2 746 965
3 303 175 954
3 128 164 517
1 290 940999252
1 637 14585844
3 174 804 843
2 389 893
2 27 793
1 992 394319164
3 236 819 961
1 740 296789534
3 239 182 750
3 466 426 672
2 239 776
2 3 741
2 145 308
3 160 8 343
3 353 338 573
2 153 291
2 324 582
3 691 153 757
1 927 395461555
1 404 249528487
2 80 543
2 929 957
2 777 915
3 380 873 953
2 406 795
1 339 71977732
3 975 108 150
2 262 976
1 639 179036456
3 563 523 951
3 584 703 749
3 287 58 86
3 918 539 731
1 535 293009158
1 954 260167541
3 751 382 876
3 550 113 590
3 287 218 332
3 846 89 489
2 338 661
2 244 430
1 998 442220268
1 246 246673073
2 314 443
3 531 402 920
3 683 370 742
1 977 226081647
3 395 448 914
2 476 731
2 644 952
3 980 144 985
1 406 5710284
2 145 666
3 631 67 151
2 204 854
3 391 150 390
1 188 595896598
3 90 183 800
1 473 158515464
1 830 522881325
2 271 516
2 257 754
2 406 484
1 818 205203621
1 596 296271922
2 477 925
2 47 928
1 463 199044407
3 148 431 647
1 707 143058880
2 875 927
2 296 342
1 618 348614065
3 279 56 825
2 319 354
3 341 692 850
1 39 935797
2 267 483
3 555 183 379
3 711 362 843
1 328 109605158
2 420 683
1 301 128031847
3 787 408 411
2 276 754
2 508 826
2 770 943
3 600 448 831
2 104 755
1 628 491474939
1 110 882437967
3 231 712 982
2 184 834
2 571 743
2 660 927
1 275 500980319
1 549 594102678
1 361 356112083
1 129 268096172
1 190 22560813
3 390 282 578
3 54 90 586
1 392 623183442
1 865 57121239
2 87 129
2 502 615
3 40 325 754
3 101 229 747
2 157 504
3 366 86 469
2 53 594
2 169 223
3 113 88 494
1 235 403557906
3 563 38 607
3 169 362 776
3 201 186 484
1 964 955334299
3 763 137 825
2 14 292
2 359 487
1 748 347981154
2 644 919
2 368 850
1 538 66581108
2 296 820
1 464 630916493
3 786 64 107
3 553 731 963
3 478 403 831
1 661 276028972
2 484 869
3 774 581 683
3 712 328 899
1 611 246693992
2 519 981
3 96 92 893
1 933 591648898
2 185 191
3 342 191 309
2 66 296
3 513 253 364
1 64 946844155
3 258 154 735
3 408 620 816
3 721 543 782
3 753 639 686
3 33 534 689
3 413 699 982
2 348 437
3 732 815 833
1 418 909500929
3 410 107 421
2 122 585
2 194 466
3 379 694 784
1 404 448935863
2 704 939
3 921 388 564
3 139 431 461
1 687 365707292
1 401 656804684
3 932 89 727
2 260 742
2 239 651
1 453 598109542
1 722 401258130
3 691 605 726
1 519 509581490
2 572 876
2 219 864
3 327 45 351
2 436 672
2 93 214
1 835 482812816
3 349 139 480
1 575 948801400
1 836 361606410
2 552 692
2 750 979
1 876 790220645
2 214 534
2 192 752
2 218 611
1 856 823299142
2 201 817
1 339 821268835
3 349 169 764
1 164 755457913
3 759 485 748
1 796 208541815
3 225 526 854
1 117 62979851
3 788 453 749
1 294 153027915
1 703 915544263
2 320 468
2 456 569
2 211 501
2 56 805
3 970 227 982
3 796 359 710
2 101 642
3 465 372 731
1 600 879635506
3 626 593 912
2 114 906
2 372 444
3 935 209 924
2 16 332
2 825 979
2 126 887
2 622 826
2 260 267
3 547 230 633
1 781 964545979
2 420 694
2 343 730
3 826 592 837
1 614 513944678
1 797 493333729
3 720 269 736
1 919 193253236
1 814 728299504
3 657 925 972
3 392 234 456
3 440 636 691
1 195 933236160
2 229 460
2 21 160
3 440 27 265
3 172 138 675
2 176 418
3 546 947 992
2 172 543
3 600 260 955
3 305 161 548
2 437 750
1 401 611868807
1 626 351481869
2 57 984
1 478 767255135
3 885 340 730
1 420 8127712
1 555 128520821
1 489 706666885
2 320 593
1 502 72907397
1 444 470715517
1 555 777822864
3 138 567 766
1 268 702063091
1 876 979055056
