1000
149469395
263662641
82629633
531203703
288724067
798197319
59652326
672936844
691067746
134529670
498227906
922186514
405518436
392885548
845893315
297006770
401258323
841498218
625532332
342718535
38306795
903911144
26329685
690089570
746435646
79391807
186577962
116330695
206769457
144674174
463140776
962079981
225468157
48111013
130219747
796871298
814865327
158470701
212163074
325722084
409500073
238758782
81999809
692049577
584408095
373491063
636433903
915021849
170691482
989667818
89047534
829659567
242548345
421330716
634898741
940179867
648311147
198751306
217299409
259832642
971378677
808050207
534598367
727524285
550857970
805919551
148948244
21195862
784354063
364140736
614310710
169148686
48641355
652783275
927212192
221931802
565798781
136744063
702000066
468008801
371001037
670135726
258783902
374547711
447228473
839650846
845811532
513785798
182530834
180205225
701017719
403422903
478377341
302971294
911421918
775368333
548974835
789104446
669444308
610672179
224450753
586711616
179423425
750621513
239742088
615308365
477441438
126176931
511123646
62194308
163867261
711352522
693868332
329521655
860006910
799772281
874375022
525241389
988323547
226657569
248788853
604611486
423494749
356212582
231351304
351205434
983428837
981891487
179976511
639085538
611675236
582424154
773012231
534836973
578974947
6850773
3423649
975733924
8118524
482470790
45026851
66344391
827649118
715903125
294152949
951496454
7418446
169675357
208997461
528744841
854802976
357756398
136182996
442329960
854797762
464265613
123421142
63924275
677127218
686485811
14617110
534104428
506139139
342979338
309848096
453762824
800002524
411433971
44645589
972765169
36528889
831480835
402781674
307485831
740912039
89561857
11052650
835196186
647476684
306679017
894349103
290240114
774472541
649057900
744276333
274153032
780721383
536758638
584463656
941670346
456076295
839139719
865570744
115515418
346676209
909428867
472815180
52044495
366463469
48564962
236643940
382027379
690587092
177052760
135126613
849604868
635593368
50760782
925619658
964226164
894850746
348899935
541763133
860369704
539798738
305814236
288490370
144215164
597558282
919690056
433824828
95582525
246816931
779278045
229882470
635367470
663784558
614558469
215464907
648768132
412911444
465714146
358054542
589709418
635127760
207435975
477367716
924800382
706677615
207335612
803375445
711497042
474806103
44952830
520652734
605503468
479971517
143775612
742228306
633407046
164910445
348494684
101414228
247396046
512842822
383147380
141419102
661273063
377431483
475459281
101879518
878681703
463336531
599526195
429498772
297694743
998032682
217999
54116373
375734838
612393070
704009356
872954187
60614134
723237347
459179782
589867507
576283901
387359072
441870478
320813341
712023013
952746831
242945512
553963183
434540733
106985776
63914380
23451107
371506566
18246167
972367910
159352260
987195062
578485034
997405974
8550837
892172217
296652836
22390000
953129450
655798123
547691476
74777596
825971693
310746271
291668127
414068408
45111578
212757147
591249658
942139985
997681443
961019290
673185776
412219182
73963150
231300936
566448546
771534693
909910834
481196873
653614018
974990148
952063677
682765235
282347031
596096457
263282993
1283472
806419197
351473962
872694626
533943645
170801122
611945295
891062138
519240589
516025801
47604306
571427189
565631239
884044235
849803526
988057509
350591907
796261777
128539501
701952815
822557361
744161243
771756864
76585100
94810994
666647804
963529835
359692298
210736541
709443420
16646030
751203912
85024732
44551669
675784830
974343357
389721164
750513878
849573570
759972402
58974977
47768483
108500502
538293059
1210495
521190931
980578539
118024930
535471682
107769457
274890469
720292564
708885303
29777435
14503772
704857138
1317953
51056646
881336284
20193257
353406133
310022456
122121381
492902203
918922973
65354060
999069995
882654268
65891449
871185138
932319895
661238357
766136634
222823533
808648260
704558788
643879237
368865299
539717186
897808666
485920182
77743312
123463127
22070204
1358106
497387171
839200249
70513763
157668340
411211551
134969814
34536092
282376505
218637803
607312716
119693897
668039892
681046339
862127985
759158814
15746083
727930485
468085516
286606884
87345272
766489189
749080346
292121145
859974552
756257290
343002443
5811854
782860864
565752558
557241474
110969896
421809307
463033266
122158424
281196384
426507469
667047047
815263385
745610339
779879275
32988598
335253957
799651250
181677056
872026649
342546321
228402851
934562186
52556192
675236964
938421214
6173435
867110861
141786330
133571553
626429881
402124344
669297220
804906877
396653598
894380812
848514854
879981142
7603193
927031175
350188472
760175463
912302347
275352190
181228133
254483836
17549706
666370264
927026255
16541110
846088865
229420558
54767049
525626891
201856750
966436017
87900892
160911811
969371908
250019556
809057219
524646908
457098727
709332701
186999151
120980519
981832594
923164520
806361603
611562632
259315060
205325413
325860697
393899706
182796526
303676229
323729787
125271593
703844822
790256529
245630762
864726678
289351416
28626275
76377691
201733270
807906960
127699946
998251189
330130963
739156689
251044330
815267861
150356682
328848994
396607034
248680203
390646988
435081435
48363589
776911194
272543997
435501900
372071561
462276219
753123224
563649718
208742683
649295898
385201321
84207248
391651873
985955991
975458449
971493700
713187414
21853062
491896965
984713391
878881674
866705456
64083727
836085924
595483424
909164049
380212364
755468650
866879118
596447064
366084012
410934329
55805408
569274730
292769270
36771777
816955957
635747166
724229185
622539940
58100800
27533954
524678972
14512119
68320968
10937557
369390567
520526277
484793129
821362571
20762135
575102347
730693073
911630220
665047798
96215741
471747780
228698613
972998017
640247615
838873625
435519126
410000136
953492973
489331834
529483379
565326257
248005396
392810408
185632835
804262646
537708791
161055988
12455155
570965026
519009355
954784711
867947556
751449816
322769083
8245275
89249961
876052876
32299877
951827712
740861194
751061000
39940442
678877464
596391939
76966889
496875554
641780507
581581062
348478751
496197174
60962900
466681013
446382704
643454340
636903202
62019945
953414134
24317935
732542840
547441582
14465436
453574092
427516765
567503556
68581285
153781862
263974765
50684704
756122405
51615867
126772054
499186920
550691974
577090749
405185116
76553339
672128516
302318674
67967957
239885031
544261169
156792148
240765869
726898800
902702706
260548434
402033380
677911312
594921345
113092556
81932299
38955250
29957097
63681723
694812619
656912118
25711757
326077191
64267102
25141552
822469409
160083727
597994259
868053864
829396654
6901029
449776334
491572123
906736147
570397711
520466054
226181241
823234175
516201351
888178886
45604325
216777720
821055676
151760172
835975545
762651095
666677967
350417133
356701951
960264009
983981911
206887759
72981752
717269968
615214813
315811373
311433497
699672512
126656864
949980791
918508745
742034626
386652882
1029296
979564965
539606613
204337050
717933934
819398140
474561096
544751888
252240349
916246867
429080896
288598532
886333500
949248226
879972152
715832119
994786398
54594581
906454013
459917280
98295851
436793612
626989998
259932712
830893085
376551708
549230402
330950575
303974339
258387276
54029057
15580677
931693121
141662936
940153098
791568177
989561549
687900593
397837772
823301678
339740980
552187
895779980
384977769
921796179
894041485
906976741
975716676
935040159
76080757
358900291
273686678
966703262
684992370
922976872
109597993
589975915
298116472
69496296
615627322
465654070
106088751
920305068
950933245
282662337
337240948
793483378
161639190
54040804
110584279
955936587
322177825
473461002
644518683
436220956
147590443
184721842
9747386
266935325
550765879
701807599
901331550
418637917
670667194
725470952
291372136
89030205
476690463
257828953
690537069
274452464
286593347
556328208
69481652
32478466
418268666
493425
167462842
395301581
975821705
388078066
976941230
901002501
696045609
512773023
731064821
554055214
224462731
212313240
320128935
67554849
156239694
288732302
326310928
575974538
285606795
46007114
339995696
366964077
63060810
36141350
557691963
9968540
260285705
234093969
293256218
766732610
474835772
126048143
917863401
578166364
63499976
710365239
344707190
595842363
915199367
854068020
532479944
68530436
726733511
931209541
90803606
584589359
44023243
226410684
978739147
858268939
437657161
915414530
304558857
240545336
254897898
368456722
514055971
216252204
916286925
767775994
385248162
667199663
493610756
605817437
115930177
564040030
938560277
276350452
103406960
940150316
486787962
283140616
931649748
483363548
154945313
657388025
271825350
925680265
708085485
508584634
654449104
755861535
835275316
931392339
195546419
877879007
827859775
530206045
637216612
739173086
23550413
741795210
490114954
36255622
384391569
554535963
120972546
111739412
577870511
25918311
531936219
149315096
528622146
270058075
127088986
617900537
767753433
391131380
202586231
440356206
400377077
592010439
907484766
296045574
650063757
80945018
560297711
762731937
20651658
38707528
467906878
592680692
961658699
351168897
215790612
491905545
593863459
771178247
607863404
590743228
495284182
67098834
298627063
196608832
547818015
674324077
75523481
901919896
65602093
595966071
833074665
162549534
836092450
470462755
607486389
42936064
664286866
35611832
335522940
63241918
608866058
95617554
83714290
475226541
573372550
327834399
780641663
336459895
31889914
444122467
714752192
686093720
667701962
413518452
756182533
371260386
588510034
818522239
49209809
154833147
85986655
124756673
428940893
589207002
45924020
674537998
234690581
23793485
49579910
856106318
68659738
30 375
155 662
249 959
764 997
16 590
573 918
15 228
238 651
240 762
7 898
504 710
922 938
99 617
247 929
326 614
731 961
122 530
428 980
285 745
153 850
84 208
331 904
714 723
171 974
487 546
37 592
418 826
675 760
351 363
555 578
514 555
522 911
40 98
275 484
715 871
598 656
212 551
306 435
175 239
124 326
30 73
689 727
28 214
578 824
961 1000
172 246
321 678
755 819
183 523
36 674
73 776
936 993
215 860
178 308
265 824
309 487
89 598
430 973
59 942
225 409
64 529
660 803
86 212
646 990
233 760
600 806
5 395
724 761
269 621
94 298
71 196
58 820
337 582
316 835
279 633
467 600
372 764
316 794
905 980
259 352
489 528
81 670
543 904
493 836
324 478
74 345
67 155
122 463
352 503
100 696
447 976
62 637
669 939
186 915
474 734
185 424
109 788
853 859
64 967
408 455
379 504
133 568
214 429
686 910
391 649
476 885
270 544
674 786
46 380
217 411
686 734
695 818
508 791
494 522
597 994
71 717
705 843
603 958
331 644
325 723
213 268
23 136
429 866
574 888
139 696
133 814
262 955
759 785
262 438
433 490
31 200
38 531
176 390
131 362
239 485
382 646
206 925
243 506
347 437
513 775
153 156
609 651
710 737
232 936
251 379
289 988
34 719
517 803
373 404
439 546
128 569
472 953
401 653
893 966
538 784
235 463
440 656
270 375
7 621
111 211
372 612
438 898
183 780
300 323
637 782
4 179
22 201
363 515
185 191
462 868
446 613
417 557
639 739
84 282
432 946
84 87
747 904
253 519
39 270
262 729
3 563
103 829
537 628
423 836
19 609
695 731
454 648
342 651
690 772
556 716
484 492
132 881
624 904
143 872
301 986
261 345
343 643
151 811
354 794
324 533
334 730
735 844
412 829
54 527
168 650
476 958
196 907
397 610
353 554
517 814
312 466
438 961
79 839
856 913
200 715
52 324
510 534
326 781
565 959
918 981
510 721
495 742
615 712
296 386
192 672
587 621
932 986
284 604
158 629
190 529
104 219
323 548
89 655
20 952
88 368
91 677
62 285
713 927
285 458
610 659
97 604
779 891
583 883
111 195
81 879
430 649
156 383
385 877
112 894
330 756
37 975
27 91
205 676
614 878
233 335
492 845
814 957
92 600
255 375
360 939
25 941
479 632
617 914
192 718
242 826
241 454
313 624
100 496
127 248
325 491
251 829
720 878
901 956
421 502
339 753
61 433
453 775
57 174
297 636
708 739
323 439
315 992
33 62
14 292
805 912
338 827
443 567
676 958
440 927
504 777
24 578
729 752
42 593
468 549
602 645
633 711
504 713
232 646
326 542
897 1000
183 438
266 704
6 166
557 874
814 864
59 789
364 652
252 592
258 704
96 610
7 738
415 642
452 453
8 185
105 146
603 694
539 729
140 708
234 597
105 588
336 863
293 587
385 397
479 921
18 440
152 588
533 703
327 788
19 942
27 906
305 497
621 940
857 995
24 150
99 871
650 705
204 970
127 514
28 265
21 352
235 943
16 959
285 531
166 464
229 516
567 779
11 78
455 523
606 830
202 875
866 996
411 760
92 635
464 970
693 840
312 802
195 880
490 928
498 897
207 386
95 866
252 444
777 952
396 847
193 596
117 655
326 860
150 820
559 905
11 223
65 652
577 622
216 716
196 265
436 763
335 542
376 491
587 882
17 993
262 743
198 609
174 222
335 479
530 904
412 510
439 742
871 879
890 915
371 907
421 924
420 664
674 863
278 767
234 465
190 421
73 702
171 798
13 895
685 854
323 479
607 901
570 901
795 948
413 511
611 981
401 469
256 713
584 693
430 905
418 448
252 368
133 661
35 1000
14 319
8 753
270 509
60 530
179 543
13 652
75 647
536 875
693 894
283 668
303 547
481 625
629 731
527 798
674 907
416 854
792 902
273 405
415 989
836 997
238 296
177 978
906 936
172 514
5 211
675 747
48 848
838 863
454 858
148 956
177 240
285 381
4 956
335 477
622 648
750 896
589 876
118 648
249 737
632 969
117 145
405 783
321 621
218 983
579 582
366 637
121 476
494 807
154 224
555 585
168 721
614 659
191 942
355 486
393 985
248 334
383 598
746 945
288 396
316 938
417 920
361 870
423 978
279 364
359 566
32 195
452 991
256 350
465 794
216 964
11 824
376 490
683 881
89 595
107 480
211 247
239 691
832 994
314 701
75 692
203 413
49 178
661 665
21 518
324 780
497 663
150 678
520 528
295 692
173 959
269 966
174 770
909 991
91 444
408 476
437 711
22 222
28 920
611 639
147 582
413 689
232 606
164 707
36 873
34 289
198 359
5 263
868 906
49 454
113 395
317 461
470 620
287 361
333 617
328 990
193 214
22 311
573 725
105 744
246 854
20 984
662 736
276 455
317 527
115 294
122 671
62 924
200 633
122 907
572 818
47 940
5 416
6 869
144 616
383 781
461 749
391 854
110 938
62 159
842 897
239 293
735 857
453 979
198 315
662 876
101 684
64 145
146 618
6 52
728 886
455 816
848 881
112 998
451 454
88 334
233 601
299 876
118 655
76 692
266 622
556 692
718 733
204 827
127 157
416 658
487 998
385 443
235 543
462 938
595 754
460 877
790 924
378 937
419 713
443 654
150 418
68 290
219 452
248 717
188 432
424 875
396 424
588 931
120 370
478 773
238 954
441 515
336 883
146 294
95 741
289 776
169 975
3 66
309 469
398 558
233 740
205 255
824 836
343 534
333 406
228 338
372 455
599 615
343 892
635 875
241 315
181 654
406 979
43 713
297 685
164 591
387 947
21 561
853 895
798 860
599 893
303 362
134 434
132 326
161 732
62 141
679 837
347 649
218 385
62 206
840 954
86 460
514 853
219 524
152 669
427 717
198 376
703 982
923 954
7 735
241 838
649 888
64 341
322 516
307 842
25 187
3 716
182 301
67 199
139 190
270 840
50 220
14 561
75 399
88 946
26 89
388 941
213 795
312 814
126 394
41 118
662 895
441 588
380 952
84 352
56 180
491 500
443 946
96 299
487 688
665 927
852 956
497 691
291 988
319 762
464 580
669 725
626 876
601 642
689 988
512 615
449 511
491 599
437 824
305 853
169 931
548 578
453 592
131 460
277 522
56 843
647 697
670 911
276 852
199 659
478 969
207 260
281 299
910 958
132 153
116 341
363 383
389 632
206 269
426 553
621 778
437 585
899 929
653 828
348 814
146 414
519 706
10 741
408 600
187 573
189 504
341 432
540 605
339 922
597 901
281 302
171 588
516 621
617 688
310 744
447 470
151 417
143 157
128 868
103 750
669 967
339 955
831 875
299 829
342 598
509 548
21 559
90 990
164 825
142 808
643 720
351 489
336 409
200 408
281 568
389 741
124 588
170 982
177 255
386 749
494 607
623 978
452 606
744 986
410 615
558 958
126 578
174 654
528 649
618 642
409 445
538 870
604 704
426 479
263 526
3 484
508 737
103 913
770 830
264 821
33 661
655 707
413 857
227 501
190 836
821 955
229 551
407 640
215 786
224 316
445 519
110 154
135 511
949 996
35 587
350 473
102 646
193 743
458 843
515 810
598 614
699 866
720 747
258 819
185 998
199 448
456 682
56 905
121 639
170 728
745 867
118 900
671 723
69 531
220 823
434 744
484 641
107 927
332 934
335 597
717 992
259 544
9 72
638 956
221 222
329 619
173 463
22 87
230 786
170 286
65 554
524 604
39 937
390 713
290 959
743 773
446 470
264 558
198 843
220 384
102 456
29 96
302 926
545 984
566 865
143 528
131 617
575 984
106 473
535 959
172 366
116 561
197 702
12 167
17 545
228 843
57 840
511 809
160 708
297 893
195 355
426 767
92 280
10 763
766 776
384 685
68 671
356 490
193 322
241 967
193 505
14 708
53 928
443 784
255 662
122 514
113 886
546 631
483 730
5 984
276 350
867 897
645 847
318 914
146 777
440 709
438 493
48 598
194 535
520 911
512 815
257 456
482 925
505 882
700 987
30 590
333 402
895 917
181 992
512 633
408 931
706 929
417 621
265 945
335 431
668 960
526 635
127 792
258 845
44 306
56 272
534 943
692 1000
168 268
40 271
404 495
177 564
422 476
295 560
201 653
236 239
625 774
401 970
94 120
765 893
552 680
474 736
334 639
543 554
83 490
14 556
245 810
81 789
574 707
93 813
154 329
630 979
684 881
233 676
666 667
28 135
646 854
84 666
46 513
376 928
731 908
524 833
72 674
389 491
567 801
608 958
233 647
33 54
241 761
183 242
536 701
21 697
188 251
39 978
84 636
296 510
13 764
249 559
406 768
142 613
952 968
2 247
165 321
115 882
131 982
297 811
561 620
891 941
415 508
180 305
201 578
738 916
13 470
150 599
1 601
375 799
457 528
97 452
579 682
148 361
49 310
146 463
359 423
778 938
722 878
153 600
630 647
346 947
106 156
272 282
132 203
133 757
7 203
124 590
199 445
227 241
572 810
1000
1 89 803012127
3 509 423 521
2 53 425
3 1000 526 573
3 394 877 894
1 798 847708918
2 677 846
3 49 29 491
2 46 920
1 866 201104889
3 993 196 502
2 285 956
3 634 190 758
3 293 628 864
1 275 26511919
3 682 355 384
3 214 694 834
1 656 834807778
3 148 585 655
1 552 801261890
1 132 868134265
1 952 769172569
1 117 18442339
3 632 257 369
1 406 388592210
2 39 544
1 668 691715040
3 62 9 128
2 372 679
1 860 464983227
2 119 614
1 522 498770163
2 673 697
2 8 561
2 324 800
2 92 375
3 611 259 306
2 637 952
2 313 525
3 445 581 599
3 788 342 435
1 502 39995935
1 38 121333093
1 214 310284294
3 951 385 451
3 722 255 826
1 814 915443365
1 29 125770601
1 58 73084233
1 823 893937956
1 179 72063940
1 505 391479668
1 505 635115432
1 732 921646496
1 871 148436564
1 688 30813448
1 638 475580762
3 773 894 973
2 589 703
2 208 546
2 647 817
1 643 697373596
2 225 506
2 480 856
2 53 592
2 235 939
1 962 632266768
3 692 89 888
3 964 328 598
2 209 904
2 132 854
1 979 5466867
2 211 324
2 27 413
2 217 688
3 686 101 486
2 792 806
1 376 878669538
3 585 64 119
3 768 281 776
2 784 905
2 132 708
3 315 92 490
1 903 352361643
2 245 942
3 78 342 381
1 529 63516041
1 860 248103008
3 766 60 763
1 551 558664444
1 911 629563684
1 545 332811699
1 549 105364898
3 249 566 934
1 938 939213349
2 643 979
2 492 770
3 469 600 716
1 878 248962006
3 695 183 310
2 242 859
3 43 626 667
1 408 693899074
2 256 259
2 56 89
2 515 847
3 906 883 941
2 53 825
3 506 331 473
1 603 475751427
2 692 911
1 430 485248609
1 746 460789980
2 552 925
1 41 258857738
1 404 952166987
2 173 483
3 946 294 633
2 119 151
3 831 330 719
1 725 989944525
1 801 131141126
2 363 507
1 935 754606464
1 310 526262996
3 985 645 791
1 674 208971030
3 48 107 251
2 540 879
3 229 744 765
2 129 370
2 542 951
2 229 667
1 955 980044815
1 186 73705438
1 927 33420755
2 406 791
3 216 523 713
1 524 990280053
1 590 484205307
3 689 661 681
1 393 912831165
3 353 66 842
1 324 59098943
1 609 402870787
2 176 838
1 981 574812822
1 714 726100690
1 748 151422545
1 561 207156068
1 676 624107463
1 404 564780034
2 712 833
3 58 285 467
3 849 137 649
3 21 397 801
2 592 823
2 765 801
3 576 578 603
2 679 706
1 469 872717591
3 431 160 588
2 52 416
3 548 106 585
3 825 143 652
1 487 198452104
3 600 417 998
2 25 473
1 511 593985984
2 476 591
3 973 295 949
3 329 440 528
1 688 868058298
3 840 152 416
2 96 314
1 27 51586945
3 174 274 530
1 819 126066274
2 228 408
3 252 48 194
2 233 338
3 11 114 863
2 678 827
3 445 154 614
1 106 145439838
1 39 304865037
2 450 757
2 716 979
2 64 628
3 215 511 911
3 817 421 939
2 348 854
2 12 582
3 388 473 578
2 226 425
1 432 862144055
3 561 250 392
2 395 635
1 893 258985080
1 439 358398624
1 198 70082549
2 474 947
1 930 48765416
2 112 788
3 108 579 892
1 651 896425771
2 758 853
2 205 428
2 119 390
1 774 610955511
3 503 362 519
3 844 584 661
3 610 244 552
3 309 954 994
1 754 452042448
1 731 816371923
2 60 80
2 644 881
2 123 276
1 278 406493779
3 190 126 723
2 216 742
2 394 632
1 20 935555835
1 955 358494063
2 349 784
2 153 562
1 585 913650851
2 93 802
1 124 835312586
3 936 702 841
1 774 958056587
3 608 6 400
2 413 921
1 360 503414848
3 898 197 522
3 576 437 716
3 32 403 878
1 212 498204568
1 291 406422653
1 439 951304687
3 848 36 786
1 960 152983897
3 414 63 943
3 900 154 509
3 742 863 948
3 172 692 890
2 164 723
2 417 736
3 118 558 938
1 461 352818229
1 341 802908017
3 350 133 134
1 37 29879623
3 591 342 634
1 467 233777891
2 38 970
1 391 601434929
2 27 37
1 454 812246064
3 471 169 678
3 720 381 523
3 457 285 974
2 246 419
1 743 149727039
1 199 409356814
3 383 211 554
3 757 862 902
3 101 155 302
3 549 393 513
1 577 599922832
1 223 893111520
1 185 346189465
2 326 628
2 570 583
2 83 616
3 354 642 892
1 80 993269742
3 549 395 413
3 978 2 768
1 878 907603742
2 469 678
3 553 352 800
3 397 163 604
3 341 151 945
1 561 745470274
1 631 714076687
1 17 551088469
3 895 818 981
2 567 793
1 822 973629103
3 266 280 610
3 294 265 546
1 955 609824818
2 59 547
3 863 408 972
3 679 226 579
2 255 351
1 715 814505903
1 357 930997213
1 509 427063695
3 247 42 111
3 921 141 729
1 213 336510447
2 449 677
3 925 194 318
1 217 709176083
2 902 997
2 63 642
3 92 436 786
2 383 451
1 494 543071499
3 212 199 951
3 17 93 392
3 925 164 537
2 883 999
3 839 611 684
3 185 301 841
3 666 700 725
3 431 490 633
1 562 730451573
2 586 877
3 455 89 597
3 20 41 266
1 226 16606954
3 271 65 908
3 981 42 969
3 220 4 251
3 112 312 857
1 922 437573058
3 674 413 472
1 559 310277366
2 1 959
2 208 604
2 761 947
2 14 644
3 289 83 720
2 251 698
3 418 731 779
1 785 901555703
1 1 857582765
2 257 650
3 409 137 750
3 872 419 456
3 201 369 904
3 274 252 448
3 558 721 914
1 193 579705527
2 602 611
3 987 40 90
1 750 279693282
1 341 768713491
2 288 500
2 619 673
2 96 416
3 826 729 959
1 389 636845065
2 444 571
1 310 266955765
1 415 548393660
2 216 807
2 410 487
2 370 374
1 567 692543192
3 541 59 573
1 61 265581130
3 473 333 596
1 329 294044667
2 555 847
3 968 580 916
3 746 187 458
3 662 582 821
3 491 237 348
2 418 783
2 288 974
1 172 878207776
2 691 747
3 744 3 40
2 8 113
3 156 474 885
1 105 824663440
2 130 586
1 305 143222690
1 607 188906311
2 533 714
2 540 638
3 422 401 460
2 551 609
2 106 389
1 143 817890472
2 16 587
1 912 782496106
2 331 886
3 666 243 840
3 727 270 313
3 215 364 501
2 312 837
2 839 940
2 360 472
3 657 169 412
3 319 473 663
3 641 545 743
1 157 130832517
2 342 794
1 125 435421505
1 954 65325019
3 408 376 442
3 696 290 366
3 929 321 498
1 987 846101293
3 340 557 704
2 267 580
1 561 762772097
2 361 837
2 461 751
1 242 10368398
3 792 571 763
2 193 596
2 474 952
2 439 806
3 46 70 108
1 417 954155826
3 243 264 583
2 299 392
2 186 845
2 115 678
2 687 703
2 243 420
2 294 764
2 665 788
3 623 263 394
3 313 299 426
2 36 185
2 29 195
3 932 29 132
2 740 952
3 543 485 907
2 368 802
2 344 968
1 501 159353448
3 296 57 967
3 374 38 89
1 857 545867783
3 829 240 750
3 666 316 640
1 884 316202221
2 580 942
2 395 724
1 829 250965213
1 807 510201744
3 632 189 609
3 599 694 869
1 91 1079225
1 806 938156311
1 401 517995871
3 930 227 379
3 346 321 966
1 773 507228367
2 907 948
3 967 556 584
1 762 453156923
1 45 243057886
3 242 551 916
2 486 930
2 199 736
1 461 947840410
2 385 900
1 765 284511730
2 267 276
3 325 265 683
2 568 767
2 597 636
3 414 674 751
3 36 61 508
1 822 959512721
2 205 370
3 691 249 553
3 770 222 796
3 713 437 860
1 498 184295164
1 30 323026129
2 365 901
2 83 562
2 204 888
1 772 52303723
1 398 109844147
1 968 776073498
2 12 598
3 18 318 344
1 515 502143005
1 877 891438783
2 118 733
1 971 684929499
3 55 653 692
2 694 992
3 949 406 922
3 58 756 872
3 285 341 466
3 459 697 984
1 641 586023381
1 243 978807735
2 331 430
3 133 538 837
3 913 876 889
3 284 306 374
1 79 640385780
1 205 932318538
2 84 854
1 972 69898572
1 976 882721524
2 206 581
3 435 116 534
2 618 990
1 951 473282002
1 111 83285532
2 377 664
2 301 611
3 733 315 989
1 858 956101678
1 702 356115982
3 215 488 574
3 753 49 831
1 429 29200758
3 330 62 887
2 412 820
3 717 532 662
2 772 807
1 170 772448261
2 296 437
1 428 399636439
3 78 91 723
3 326 267 483
2 113 891
1 845 872426351
2 476 822
2 133 874
3 335 62 573
2 106 334
3 845 512 550
2 237 664
1 107 663167122
3 350 382 780
1 731 593913874
3 530 16 318
2 62 607
2 522 689
3 109 439 701
1 448 36012855
1 390 653232847
2 215 662
1 362 609414111
2 365 983
3 111 130 292
1 404 852993896
3 220 369 636
3 853 562 926
1 598 453943540
3 795 24 202
3 829 318 375
2 175 258
2 435 624
2 538 573
2 410 508
2 425 773
2 280 529
3 314 721 864
3 822 30 662
1 550 8774387
2 183 847
2 156 805
1 73 382515278
1 174 960394530
1 552 974776177
1 707 840957185
2 430 804
2 569 683
3 806 110 120
3 117 956 975
1 45 648212337
3 571 118 181
3 662 365 950
1 335 10432525
3 130 279 979
2 11 843
1 302 83646185
1 902 148418465
1 955 624177553
3 565 546 589
2 108 215
3 450 81 670
2 72 86
3 811 229 519
3 24 242 801
1 426 13132949
2 382 696
1 757 295256949
1 837 486066751
2 769 953
1 529 340459815
3 5 725 726
2 489 918
2 460 760
3 554 3 430
3 625 640 838
3 372 739 995
3 68 700 764
3 880 208 327
3 385 220 551
1 926 141003943
2 709 801
2 26 511
2 345 550
1 158 354857564
3 34 53 818
1 111 929653667
1 939 363080137
1 846 73590506
2 33 436
1 499 402450138
3 444 66 83
3 321 857 875
3 226 357 1000
1 375 57942001
1 218 469072669
2 666 864
1 751 185172879
2 857 946
3 99 388 702
3 665 346 659
2 78 614
3 39 38 601
2 720 727
3 875 8 579
3 303 270 615
2 72 513
2 9 687
3 556 448 985
1 240 911377563
2 350 650
2 12 536
2 643 830
3 744 174 608
1 13 455345516
2 289 718
1 67 607458131
2 76 679
3 291 271 561
1 403 592476766
3 678 509 930
1 905 192218564
2 169 882
3 306 89 623
1 239 689275575
2 504 582
3 425 107 919
2 713 921
1 229 87021114
1 269 571259707
1 187 16685733
1 506 168335069
3 348 316 866
1 103 289282262
2 725 742
1 951 75775823
3 978 77 862
1 966 290186260
1 911 242559169
1 344 982459272
2 587 676
3 355 191 654
2 607 672
2 45 931
2 356 618
2 418 843
2 315 427
1 872 970693612
3 34 190 895
2 43 922
2 459 717
3 734 309 834
3 423 173 564
1 17 181851821
2 35 937
3 779 3 956
1 597 858820681
3 979 252 331
2 9 243
3 191 37 593
2 487 584
1 91 945908019
1 469 557637382
1 762 256580490
1 828 650193207
1 12 612424713
1 550 993211481
1 590 540501722
1 684 491154467
1 938 451428243
3 588 734 824
2 463 670
3 936 515 827
2 133 759
2 45 633
1 567 444291599
2 78 197
2 260 357
2 114 418
1 760 330910963
3 91 51 87
3 595 226 802
1 83 395223445
2 383 806
3 656 66 676
1 603 686439290
1 94 960951677
1 956 843434250
1 506 530302604
3 43 152 571
2 260 683
3 391 117 581
3 226 829 968
1 628 45976192
1 263 698554031
1 744 329630209
3 660 178 832
1 985 432333331
1 417 63738984
2 619 828
3 879 211 657
3 966 461 616
1 632 707634448
1 445 394943030
2 578 613
3 932 64 869
1 799 897788691
2 673 953
3 450 713 739
2 720 766
1 164 248256584
3 140 194 415
3 593 330 841
2 317 603
3 773 375 422
3 319 327 702
1 984 769029964
1 474 75407294
1 764 220034343
2 256 637
1 353 347305476
2 63 365
3 510 85 530
2 85 422
3 903 591 617
2 136 230
3 877 106 541
1 271 43213949
2 433 469
3 108 728 833
1 830 484461182
1 938 763134666
2 71 917
2 191 753
3 606 255 900
3 548 541 637
3 4 16 441
1 752 773603065
1 311 377580094
1 526 27968448
3 283 66 409
3 758 755 896
1 463 795037170
2 583 760
1 155 437495459
3 411 81 934
1 320 213959702
3 495 271 754
3 333 342 930
1 289 684038677
2 143 160
1 535 446125540
1 892 894005737
3 292 282 740
1 458 5250973
1 840 399813236
3 64 112 328
3 85 66 605
2 135 305
3 36 67 148
2 695 846
2 204 629
1 85 425922810
3 591 229 883
1 709 728094012
1 822 841385051
1 459 270936803
3 126 151 857
3 848 321 683
3 356 331 968
1 891 975459851
3 385 330 994
2 736 807
2 499 956
2 21 167
2 452 566
1 651 806783280
3 758 646 792
1 801 702033080
2 29 719
2 136 827
3 863 521 730
3 46 632 947
2 583 789
2 254 826
3 141 83 193
2 2 69
1 922 98631513
3 251 311 732
2 37 624
1 893 360071343
2 342 558
3 347 310 636
2 251 254
3 137 495 916
1 912 143951992
3 738 89 981
2 412 483
2 473 505
1 791 311979264
2 294 550
1 809 466261642
1 172 60153819
3 445 193 805
2 368 568
2 762 808
3 475 59 699
1 25 321865549
2 356 857
2 643 683
3 784 293 380
2 250 320
2 731 831
2 126 301
1 113 333169570
1 155 81712373
3 340 328 382
1 212 513854170
3 8 409 411
3 17 86 144
1 629 885229211
2 77 560
2 588 946
3 828 343 994
3 51 312 589
2 231 649
1 851 309312131
3 548 227 779
1 495 64673919
3 999 292 762
1 903 584172627
1 675 141527601
3 578 633 736
3 175 90 773
1 389 523845247
2 162 650
3 798 417 499
2 471 773
3 271 48 904
1 420 235414893
2 627 846
3 212 220 945
3 699 149 178
3 220 297 645
1 539 627429656
3 418 241 435
3 655 384 887
3 715 73 180
1 659 17457882
2 191 911
3 255 17 25
1 182 484236943
3 695 503 676
2 260 814
2 315 439
3 878 319 692
1 965 118417743
2 162 427
3 187 823 848
1 207 378168620
1 939 297429201
3 572 94 909
2 334 549
1 678 778024984
3 339 204 710
1 205 100265213
1 748 758328763
2 413 830
2 130 375
1 22 988627229
3 190 737 785
3 263 835 937
1 430 132190313
1 713 14824431
2 38 637
2 298 721
1 828 20930542
2 914 980
2 245 344
1 647 32816693
3 63 5 103
2 469 900
2 897 946
2 651 857
2 187 751
1 495 678145982
2 730 799
1 526 121307145
2 362 490
2 383 764
1 599 9372600
1 981 904749154
3 369 15 990
1 816 801302563
3 154 133 502
3 990 242 923
1 561 244395740
2 195 613
3 890 268 717
2 940 966
2 61 295
2 177 816
2 217 260
1 677 73492800
2 190 272
3 607 231 364
2 367 631
1 954 528477364
2 282 904
1 792 992215784
1 178 747392595
3 763 114 904
1 977 73321474
1 963 67774330
2 395 777
3 888 537 772
2 320 468
1 149 967395407
3 928 455 696
2 126 876
2 617 780
1 252 147716889
1 158 574759267
3 442 332 700
1 726 102543889
3 151 379 619
3 174 233 404
3 258 655 957
2 300 489
3 296 68 342
2 75 109
1 216 285270784
3 348 96 817
1 76 469340624
3 302 220 343
2 212 318
1 620 49947745
3 220 603 648
1 921 212582199
1 969 675709705
1 101 229732195
1 716 169240664
1 283 922361456
3 225 665 804
1 792 314945973
1 889 897887119
1 763 162597876
3 367 777 921
1 122 914491397
3 573 43 477
2 258 313
3 435 347 449
1 547 855806023
2 333 756
1 974 3004038
1 670 67495045
1 68 269807304
1 145 134615740
1 985 759612478
3 761 84 502
1 617 591510550
2 670 875
2 456 668
2 183 798
3 72 231 667
2 346 755
1 888 970866741
3 156 370 659
3 875 573 756
2 562 948
3 347 46 210
3 857 694 843
