100
775893817
416579378
83584440
232334776
375221682
211565072
815444721
37233543
829117759
381215559
808927027
617707979
938269514
642369686
846208825
553264677
128934274
168380962
307309894
808214490
738887770
982195441
864968605
776024148
236981640
209624432
113684230
994826146
219921030
183120366
901909839
165213939
47716628
963722526
934505417
355420959
371520437
49534617
225923527
66432286
922456109
903466842
634684195
410508942
717898249
708931649
700135097
182030386
45004567
944771216
814111978
862273645
525340650
409626225
473560601
516182987
555794007
286106477
499448113
802781561
10187771
286414582
557828638
771839432
243671218
837476575
573390928
995310766
472908065
568488927
666484027
853605445
196328750
912205842
687592153
787756874
137565827
639737207
422836775
928239519
639477518
730082931
470604195
394092745
728313732
247050828
567974869
485083762
71150553
403820463
735892931
28475625
87438281
708009771
947617147
617916829
395875667
73457076
394817677
744911270
4 37
40 54
5 58
26 81
18 58
51 60
52 94
49 68
8 96
14 22
13 33
23 100
26 92
11 58
13 69
78 84
47 66
30 75
26 98
13 61
64 77
53 73
57 83
5 14
30 36
26 37
35 63
37 81
33 73
75 88
18 98
18 66
33 85
5 31
78 81
30 42
17 96
51 89
21 32
43 49
1 47
12 21
10 32
45 93
6 91
11 18
12 41
38 86
4 31
7 30
43 75
58 73
67 84
20 81
16 26
22 42
46 82
4 25
47 69
78 91
62 77
44 48
19 65
16 91
62 83
34 95
7 55
35 39
3 20
69 71
32 72
7 90
38 51
23 78
60 67
44 58
56 79
31 68
67 82
28 68
26 86
20 75
49 69
23 64
36 86
46 96
20 29
2 71
83 88
58 79
11 59
79 100
32 93
15 93
14 40
51 93
9 58
25 63
1 6
1 89
100
1 45 154543693
1 60 148611728
2 25 88
1 27 178210754
2 49 78
1 63 855215438
1 96 432357752
2 63 71
1 61 219324036
1 76 436635076
2 3 71
1 76 308459797
1 60 896036833
2 44 55
2 44 60
2 11 28
2 62 82
1 15 723635366
2 18 36
2 19 94
1 48 6387621
2 1 90
1 96 963354783
2 18 100
1 35 905058173
1 94 221650174
2 37 92
1 7 159827199
1 24 982479358
2 22 68
2 28 80
1 90 546560657
2 87 91
1 47 804185298
1 67 465376098
1 99 308928133
2 22 38
2 22 52
2 10 46
1 4 320023063
1 85 958300645
2 21 62
2 11 89
1 42 618991817
2 45 61
2 9 70
1 5 808812433
1 53 155139040
2 72 76
2 11 57
1 11 91951787
1 76 424285668
1 98 785041848
1 70 153944563
2 12 46
2 3 10
1 7 574977972
1 23 5175101
1 51 847555463
2 36 42
2 9 13
1 86 414030637
1 11 636769862
1 26 398707541
2 32 61
1 28 709765193
2 22 94
1 93 272062007
2 55 60
2 55 68
2 35 96
1 24 692030000
1 25 923875043
2 27 58
1 51 969997917
2 42 83
1 83 593873798
1 86 966132259
2 26 64
2 48 77
1 94 938908468
1 89 762855939
2 4 44
2 47 67
1 99 173926866
2 46 97
2 28 96
1 72 875658487
1 27 925770090
1 27 129100801
2 5 45
2 53 92
1 3 750129578
1 58 651379809
1 74 600510294
1 52 42617746
1 11 498941795
1 35 777660083
1 81 893084900
1 90 342314138
