1000
783178308
493516547
518191298
725130281
659491997
955729347
753720848
20474613
456061810
165497860
475418451
788087052
190960839
877945073
564217346
797578391
31854885
20258902
593026904
273890728
38424601
373098277
978508499
861268146
133265587
407063029
435071159
963516684
776430600
495092606
542541961
345160561
688711600
165092638
247281557
34818179
647141960
949322583
698396520
752514883
66689521
315400271
17331286
933986203
326489296
226911823
549876725
795110612
210045836
268724805
682947488
624787488
205237203
33852994
217747189
822715154
65084117
33438716
44858455
460614177
449939399
56733516
974331245
809707304
52028514
349884593
48449954
949357545
63205729
244195276
8712355
489217157
789294855
677064162
139359971
814559750
239034774
941238366
224583194
561171670
6503385
400520012
955036610
350320452
202379675
876008414
711069593
679147526
531102254
40348395
532849186
481989810
564284133
515096427
98030372
657957956
717638554
311761148
812970025
753021339
235091753
50457185
985131776
608415228
213156338
111676414
256354363
532689805
853454939
607192668
412540338
71011803
460340556
947956907
421527806
224202325
478253234
83052347
732513791
2937039
462783997
631262722
729951575
325161984
165184161
798470938
79930092
59897347
140582040
925252928
747777130
488031450
879743198
41232470
22718399
877346534
464472564
164860385
320149917
727949169
410236511
569057164
327322619
615412005
368848678
906591651
779058325
483553426
18244695
744134552
166746983
756154027
107287938
398892162
782571830
898212681
982795324
372165017
402114055
795844519
312852125
380486844
744177574
659788005
103408578
131598059
495808544
526361221
58747469
771610317
819305545
429412593
907946208
560419627
793133623
169524211
918657190
882347379
39763397
828311867
197013450
42775606
508999954
511235804
322303485
620514730
374068991
424820175
989193460
311951913
9614772
888333423
615780072
625735344
82815772
163127548
844223765
142325601
946851172
396405785
974728763
256291329
631914880
276620109
587136288
851853434
23482278
171678597
685831948
944587611
752894928
421856144
147364427
68059731
570198079
303797922
354989231
962648250
798332915
886775506
840759819
83139592
531999540
43974044
967584441
924899932
728739852
577224799
134695445
135877366
455149770
791572192
801662208
701381309
246569600
372388293
372533342
103270074
768895878
523318043
930711448
625591963
4329974
37997266
317797147
3507505
771895854
706474299
63034582
554923250
665046353
507855248
657021120
761501304
914366405
359009388
749596496
4994816
888917942
796817999
912926724
785508588
784509842
405323292
592004571
431245378
688814219
282613658
652206042
732661034
316592409
589030902
229394314
68269172
490705781
987433535
693567352
790785039
998760479
681073129
619889077
137664915
194324569
196075851
20682324
738537656
638766249
613856801
953776622
351146973
380816219
253630987
211457057
80038019
14267644
615460108
935099916
454619599
299724001
110014475
203462869
326294283
490775454
270194517
915960867
731222565
150546831
822783257
723141796
834572846
598506323
800162795
956951177
988085724
143268427
322632002
125011973
16345609
797715231
904660986
961390546
690403378
632661050
63660243
968455084
840073465
760515657
115511024
809532115
169610916
104876224
494294616
488081549
228353947
505052245
5139064
492669602
757459182
680392067
854810272
391841759
2827980
529575176
25649793
247670419
625154317
732124264
721831093
552682261
207585706
873329768
864421176
690755132
286665535
388275091
511113191
216361957
54564752
176495800
283309832
804678001
584988161
592895338
464397762
283403332
172493340
109786239
769049248
220022855
679225871
18765969
783583762
221908583
626489131
139812480
3778796
423478036
326148711
570378222
691158757
349445315
240744155
884384194
663023897
596910700
14398533
2011814
711986312
893313549
322861447
25849737
886028437
972928805
25083686
641809438
659995015
51042105
429318605
666133850
852738828
821439059
565787849
936014842
846092977
198630782
647222411
387496187
770230891
731532619
831295784
952051232
64955153
171780687
654641372
312994927
7144671
598108579
211344003
365210292
24261621
31849315
928749598
240430077
80307926
829853999
572375380
740210204
110095593
494793901
732450287
850716712
157617916
336129541
23232091
296888573
742439868
844151395
396032042
620504503
750025278
955781753
196549778
486760507
288156793
139149562
377730797
251645358
992993737
75614496
678159673
758514940
563935598
570072359
324291734
657718610
854545675
427943120
551261130
839933092
528079656
76207071
278654400
950851113
195758512
561287325
46983685
871700698
709613683
70082646
814485834
723471862
52552101
343384028
235944932
468330369
121296477
908031491
22672975
182451904
253504791
21388835
678779815
999490238
688924723
614296729
793175597
283309770
291608180
356376390
970477001
355795191
942956418
720237583
949133442
716998811
868603496
609931099
169387783
599008465
447683607
324891288
159911721
44178167
102863329
825803446
79144543
580218160
9376254
450436778
444113985
124221667
32338954
890570220
13993229
368846138
367807365
955076346
861172773
880877988
306249298
667676115
154355343
313373780
920589625
667306621
866878836
436476096
466966629
131737472
607160482
101641762
193671654
741349480
447684874
614741498
84090928
576424006
466506562
42539146
639154331
496521263
254747139
632747353
36171745
453860796
95217836
831565233
105950883
772467081
664585662
456083233
128753636
877378998
185374046
127551483
563795852
842271849
839351254
933453783
39741670
387143242
818839572
539317774
721421602
694214918
8776746
709232704
494995924
453000652
527661516
464910543
455665524
92102611
456669398
653094241
213729756
240075474
723176899
594582882
945675469
857088390
876571190
772632704
600133226
37876272
461705589
823807277
512180667
559394580
63283945
347731744
877775147
25890555
873723040
387382740
120439051
168743346
637337035
212318984
297550349
776368265
2869056
141254973
293184457
967303893
515123192
741055036
419172155
167432814
87997330
549205389
171155779
388963378
559722703
909797121
950672676
664770176
918311444
743281961
868495110
743532477
419879404
577222620
956251765
87157971
304057731
805586613
238276831
760917933
811820844
619231122
64224281
256765372
21923547
828673302
522905819
20426357
432172715
915535144
748676415
691005905
138017114
49884531
972130118
158711499
387229896
483865572
947642195
884226534
953265788
911520046
124893870
708848548
32161823
835566409
639727106
441945872
252817919
269341167
238182368
308543541
326410637
740927262
904375098
288834213
251277279
599895449
979169768
55433203
746802222
658487143
835176231
655238713
137039449
840311890
632871445
420064915
495395169
721657961
895100982
138040226
501628396
743436927
531611634
306491402
781235394
873159337
903320340
129465588
252348754
12007108
894032205
407570572
659594286
998929133
169345711
656555140
41884555
211956743
959396402
118043792
387366850
62525496
848623667
515302632
959693265
275037548
195601648
889966793
483666395
165688785
560286477
626151668
35182500
190736985
580835858
998173230
790222614
977284924
37943531
946910142
371882687
435352691
295299174
43320306
605488720
204096574
42333624
607053978
912779551
958845342
297958649
864704907
966592678
535926492
421952419
189317917
796007170
245302272
165720855
748374702
488378741
42712411
247257881
790355741
562696932
815819262
375284815
487493456
866453082
898437696
92457669
933458094
143666563
772673084
289568876
590452133
568872754
925467729
21968790
998020134
67432923
376371104
439760251
267426852
339060250
171337361
798758072
132390425
520610090
31783247
511807435
785908096
108980079
42759751
796994456
683076444
408569581
422937261
554596839
236197040
206791118
923901175
431418340
812626181
710707424
499543904
40055965
108127463
417605140
900291686
144030600
2935912
319813376
832198476
145366778
56431003
117528414
524452505
538363569
262771482
471047051
525754007
665519691
182622849
555481865
97683413
366071756
893592305
581503741
574555558
147781148
95367054
692340914
804104352
956301191
771076609
531641364
775518493
320669755
118423799
556464694
549959101
981021902
626941600
799649741
935944675
859780277
351211313
304061362
540435507
884364494
35501410
448139620
7891738
595403223
802913008
353622915
44899654
869210868
400651037
479606358
148636714
868250669
453006635
446159431
826363515
31661806
458617060
749344354
76041397
294624902
606760725
853277401
832977303
421041832
43421199
99783554
907790499
269791725
734439973
363868759
775013536
395985487
221282352
789563893
222019095
806890927
752961550
713447454
37552089
463052881
867240222
37904440
707579767
671240027
86391494
275641803
741107657
558877529
61778670
896194311
634571624
735765180
21539458
639047484
23384371
110433366
36355059
571070816
431127758
894112224
251901879
299080332
173317406
316854901
422802117
222268543
670071503
194753812
823453466
160628761
544315086
62220577
198365750
801955809
55638223
196387557
457332127
451295873
835653064
50053129
304209245
41390916
926455412
807305247
274273917
855506591
153232850
84812057
926709135
806353061
799813539
419565520
633752871
648647569
364881647
279939199
484373599
157704256
22031488
338133829
194379091
979018420
865815910
823387814
57015204
559303827
828952945
620218890
343137015
706840486
860461498
259147837
298730867
717213786
37700891
209379822
34754630
833527874
570400946
916746288
498365472
9002643
623497826
291088124
925810614
340925607
294771538
455190445
861168192
396561530
779867244
131867522
730132476
620547888
544503519
587435551
495645353
855506317
831777438
434888717
131809292
239041659
29074655
771909941
768893039
66669960
517461660
252687209
67044637
441068390
85781269
494302428
72191719
845635689
122361420
342987428
710714531
988640524
518779784
475542335
397629863
202840173
613594066
81387787
536962130
295294156
807230587
658521293
695 900
363 685
353 856
674 941
145 535
129 367
418 627
370 451
320 589
416 889
866 878
255 398
271 525
555 921
152 511
73 942
20 266
662 822
527 659
267 822
330 709
236 845
414 838
911 913
182 905
74 614
191 480
9 97
562 912
355 366
220 546
242 412
325 836
169 245
318 899
544 697
228 680
221 308
800 978
515 775
109 196
439 766
79 791
29 552
650 669
562 809
233 403
23 229
289 992
32 950
178 508
734 737
891 997
95 537
73 255
23 547
924 988
425 432
557 998
403 500
808 818
802 987
114 413
557 937
317 795
454 799
567 827
366 582
953 963
291 929
391 820
573 892
340 987
110 686
345 829
164 179
124 393
147 738
32 634
689 760
335 575
75 312
610 698
376 583
658 874
466 966
89 676
133 953
716 968
591 677
412 635
166 263
119 933
199 597
132 704
175 618
443 935
260 595
740 794
286 963
378 538
135 922
270 455
290 840
580 979
398 838
299 916
132 430
595 816
845 988
406 677
130 990
405 935
339 463
953 963
864 954
784 930
317 324
76 824
399 716
348 437
18 352
666 923
75 476
137 472
215 797
302 307
348 825
59 810
51 720
657 665
223 962
339 484
78 835
648 898
184 492
444 637
286 456
299 376
451 701
105 596
647 951
345 877
525 604
381 991
108 622
417 653
93 945
263 859
875 890
608 862
214 717
51 925
569 632
411 803
328 561
622 657
308 643
135 578
429 838
766 796
29 780
177 616
912 930
340 688
260 437
154 902
264 768
86 263
64 874
628 853
343 753
630 666
411 979
142 805
243 385
9 382
219 810
33 74
169 300
23 173
184 188
388 421
254 423
634 935
220 519
588 620
336 847
852 955
143 148
405 487
26 361
455 515
93 676
187 568
163 683
103 820
614 958
501 676
17 206
480 747
435 893
642 789
424 770
213 784
407 608
254 388
203 622
351 548
778 793
229 300
430 543
272 527
383 581
547 875
424 929
538 890
391 918
574 727
167 310
38 539
749 789
667 980
311 391
362 474
340 583
216 317
631 732
426 761
26 960
568 779
509 611
431 476
226 255
41 696
264 278
688 748
278 765
530 640
428 924
120 418
690 743
79 362
947 997
793 828
159 487
546 740
148 594
483 710
135 651
10 290
696 871
43 58
407 851
875 962
837 876
177 894
74 996
129 682
547 575
103 935
11 430
10 317
886 925
121 276
92 807
28 233
361 579
45 777
485 667
250 315
491 750
397 758
143 523
312 379
164 840
49 460
327 882
810 813
152 677
67 461
89 457
23 862
320 753
485 992
483 546
890 970
621 899
977 980
734 750
13 325
347 705
468 631
307 374
35 107
270 530
494 747
154 534
464 690
43 145
42 975
445 995
520 819
290 955
123 138
309 408
856 1000
644 726
480 855
257 911
75 263
354 478
367 937
660 679
555 660
228 643
46 687
494 499
372 787
50 638
586 706
176 203
114 441
456 840
271 371
129 443
250 460
144 582
90 341
285 585
630 884
230 512
41 597
51 366
325 613
108 806
266 504
593 904
678 752
222 965
148 222
108 452
373 867
415 828
203 240
511 976
641 683
239 918
130 781
285 843
254 693
747 799
633 948
26 532
629 881
269 927
266 912
657 665
98 863
259 356
595 812
598 665
85 471
152 714
981 984
568 949
680 715
139 686
799 985
340 652
452 545
16 366
290 766
538 936
32 863
507 549
320 825
151 357
154 800
315 546
941 990
287 313
121 783
525 970
63 562
369 865
643 992
140 416
235 442
872 921
114 923
427 783
757 916
887 890
275 628
777 943
46 465
563 584
99 474
457 553
74 150
417 584
115 820
627 895
639 977
45 849
316 676
164 669
202 670
395 632
259 944
136 705
91 735
3 600
363 422
143 765
51 411
81 238
129 674
98 420
278 668
130 887
500 951
763 787
279 646
707 977
768 941
477 739
546 696
603 975
264 954
8 93
559 564
168 628
109 990
785 799
257 409
138 594
107 217
157 389
781 812
43 202
468 698
198 991
313 681
480 535
71 779
98 259
669 761
245 498
369 378
173 301
247 538
245 560
535 764
337 748
401 730
109 734
583 838
60 102
794 877
356 600
142 163
88 450
553 727
215 786
655 947
4 356
26 276
395 753
66 159
750 832
13 519
358 906
23 796
470 775
292 936
205 313
805 929
63 168
287 801
532 941
794 837
110 120
882 935
144 458
91 523
192 421
110 461
186 225
121 437
346 780
169 838
397 450
37 125
49 489
419 907
9 823
658 688
121 955
632 819
305 461
74 303
137 795
51 134
202 867
218 687
454 695
88 240
563 987
323 784
405 814
237 526
544 837
128 828
61 121
22 294
253 364
176 674
400 600
148 481
95 335
525 733
21 407
365 515
57 820
68 352
371 536
24 151
408 616
566 814
482 758
454 805
386 417
732 975
807 996
96 856
373 664
294 995
297 712
950 977
6 147
171 969
86 620
370 838
431 588
71 164
677 915
325 884
554 801
75 494
145 308
250 671
437 901
650 734
589 647
827 976
89 179
533 756
526 616
820 870
289 978
381 883
884 994
2 59
117 412
264 510
757 944
38 819
254 968
724 920
106 987
243 988
234 900
516 986
382 579
761 983
673 706
226 802
9 777
74 565
493 840
229 997
585 835
310 433
773 996
216 767
34 188
81 839
698 996
369 375
361 691
737 988
181 835
509 641
3 731
666 695
2 206
26 289
254 939
261 919
652 702
446 514
423 430
422 915
480 685
189 284
392 940
321 560
511 565
303 368
209 255
422 986
335 539
501 759
95 206
245 394
109 468
171 326
500 694
727 777
100 573
375 634
288 739
476 560
158 609
112 151
211 461
482 604
362 640
357 726
66 484
275 797
305 454
314 894
186 187
707 818
128 342
144 184
370 406
389 977
170 574
773 896
230 482
201 538
26 936
133 403
17 982
203 398
293 686
470 607
237 363
161 784
255 560
302 806
78 310
344 597
329 350
65 440
836 961
195 835
63 944
113 235
27 907
566 713
55 431
10 302
527 705
15 572
435 997
547 900
512 534
129 810
686 959
712 875
155 590
580 668
522 697
15 71
341 694
31 38
326 681
476 822
463 545
643 761
443 548
162 335
541 706
503 568
462 741
17 28
615 637
165 355
725 832
206 881
140 348
313 944
546 725
252 583
366 679
197 607
232 861
169 768
442 964
310 796
790 800
315 849
94 558
176 798
859 882
922 925
326 588
474 665
369 868
770 832
354 391
92 581
8 344
616 768
183 741
410 938
332 508
171 512
106 786
156 984
41 756
852 953
151 277
700 736
597 733
46 825
415 621
306 660
526 549
671 974
185 248
108 504
146 462
580 924
426 936
226 910
134 724
374 395
904 995
565 702
305 685
33 291
150 815
520 633
246 630
439 786
494 549
404 926
460 522
397 398
406 888
84 118
363 931
195 641
90 999
33 480
438 850
836 922
30 671
414 588
232 244
31 652
47 406
548 595
141 830
117 991
447 523
886 988
227 319
411 795
163 171
27 866
130 174
433 710
619 968
261 789
84 101
149 431
772 992
267 320
621 866
340 737
8 75
432 673
607 900
883 915
286 923
371 389
279 488
168 526
687 873
435 565
515 579
215 796
637 982
467 905
640 913
136 180
743 764
123 884
440 643
115 657
223 316
232 473
216 477
171 514
178 593
3 746
917 940
457 560
60 531
157 824
151 899
870 931
385 728
319 796
198 619
228 453
87 628
635 750
333 883
94 228
386 603
226 719
68 663
180 616
404 919
728 916
443 574
332 409
67 587
195 242
135 478
199 781
435 646
662 961
263 628
777 980
600 949
137 569
228 806
505 534
344 573
95 570
268 314
59 940
705 953
105 582
384 705
46 1000
466 876
290 426
453 631
236 962
519 989
170 345
220 621
507 566
704 837
631 823
253 574
65 776
363 977
269 474
605 646
551 663
89 865
62 913
127 988
895 903
584 785
345 553
160 182
308 676
205 983
231 385
391 966
163 428
59 993
78 247
630 781
49 877
865 971
450 943
268 797
563 970
698 915
510 769
448 594
438 849
351 611
842 951
123 596
487 630
187 1000
295 426
308 646
160 587
140 616
674 887
496 798
675 823
70 201
114 305
520 955
232 715
467 794
137 560
140 499
163 399
298 679
143 453
841 870
149 442
714 754
293 555
95 498
291 434
143 913
650 859
579 617
612 858
734 761
206 713
65 140
37 159
672 853
436 802
191 516
263 882
953 1000
381 808
338 464
160 560
747 900
467 723
300 687
299 781
103 842
409 706
79 458
140 682
20 91
161 437
887 958
562 584
187 498
773 819
265 969
276 475
223 757
196 633
408 697
633 808
43 909
219 427
487 533
45 361
688 696
206 294
522 972
389 477
273 959
339 552
36 764
417 902
243 574
389 798
529 804
635 724
570 644
229 275
73 477
566 846
255 952
748 790
215 926
376 896
293 588
171 792
169 396
206 430
765 911
848 896
146 485
790 838
457 729
57 942
423 903
187 549
195 498
210 628
174 461
284 417
523 918
1000
1 752 270101270
2 61 684
2 129 371
2 50 382
2 473 883
2 104 558
2 187 953
1 92 305649206
2 550 824
1 919 25179320
1 412 916251702
1 177 420378618
1 327 755985026
1 60 296060472
2 268 325
1 711 155666879
2 595 938
1 311 193052903
1 426 623583704
2 513 961
1 78 483398219
1 867 573141858
2 101 501
2 159 260
1 333 626005758
1 921 493015178
1 145 617344737
1 786 683968283
1 918 398512069
1 189 100422915
1 89 621072093
1 401 312205181
2 84 946
2 22 382
1 897 823349711
1 491 235988479
2 302 653
1 408 71257169
1 578 212465409
1 542 743730433
1 718 405035236
1 284 393822403
1 936 154614625
1 331 88076004
1 157 164142148
2 748 803
2 742 809
2 128 353
2 451 700
2 74 329
2 55 454
1 601 743078385
2 147 384
2 320 569
1 459 43251452
1 481 43304307
1 675 368014399
2 13 439
1 802 7360175
2 100 964
2 240 981
1 474 375019570
1 930 599995729
1 422 32196401
2 39 563
2 706 943
2 274 329
1 922 653891677
1 940 59579588
2 60 106
2 663 689
1 246 732223887
1 835 798843786
2 231 666
1 965 259226051
1 68 598854987
2 823 889
1 943 494520838
2 55 269
1 449 951341974
2 206 714
1 583 56949146
1 219 636012156
2 348 671
2 51 416
2 439 672
2 298 762
1 397 729735820
1 310 270140731
2 153 702
2 866 956
2 280 364
2 86 97
2 105 322
1 435 490682452
1 65 963498488
2 7 127
2 65 272
1 122 86122377
1 712 753602950
1 176 361459116
1 478 874188655
1 400 815351996
2 274 765
1 460 11981258
2 715 843
1 866 45172507
1 499 381961453
2 456 725
2 378 851
1 536 183661303
2 239 856
2 396 787
1 46 377094812
1 752 538855752
1 452 516244660
1 49 151882729
2 296 328
1 354 586177318
2 977 983
1 518 321932720
1 833 782905381
2 191 411
2 322 721
1 434 498811063
1 876 53110040
2 102 509
2 100 563
2 616 969
1 601 750237899
1 603 872953008
1 171 977646396
2 87 351
1 349 107436619
1 823 479277335
1 186 862198521
1 506 228697445
2 287 462
2 175 465
2 236 664
1 799 463608186
1 546 296234933
2 584 609
2 326 900
2 43 434
2 862 920
2 457 981
2 710 936
1 450 691452749
1 228 751731215
1 409 992442504
1 615 684382122
2 96 265
2 321 781
1 332 825436064
1 86 452952582
2 321 326
1 160 408656464
1 126 368055045
2 84 682
1 676 67099093
1 76 601178398
1 228 492324956
2 77 687
1 514 414546788
1 117 628219310
1 551 375292784
2 781 972
2 75 545
2 451 892
1 84 900853165
1 547 608929512
2 30 413
1 348 231816609
1 203 142142886
2 40 902
1 661 956860955
2 1 124
2 602 945
2 32 64
1 336 174059956
2 503 953
1 809 71892424
1 981 361221423
2 178 889
2 443 934
2 398 576
2 576 688
1 247 952304318
2 432 726
2 136 891
1 600 852439113
1 77 496986196
2 200 265
1 334 846312016
2 101 157
2 714 955
1 72 94035803
1 111 56778631
2 36 158
1 897 462748585
1 900 806484352
2 488 665
1 437 595621055
2 233 347
2 343 861
2 347 741
2 263 839
2 591 844
2 748 754
1 119 647491727
1 583 820415461
2 292 842
2 352 729
1 905 646285478
2 105 457
1 541 733534574
1 468 757140898
1 863 345031429
2 286 905
2 381 588
1 479 43590920
1 682 974642415
1 732 845721314
2 234 269
2 131 272
1 375 78907977
1 364 914857256
2 62 509
2 741 759
1 967 687547677
2 358 631
2 346 483
2 501 653
2 433 463
2 197 275
1 928 38182739
2 141 314
1 959 473290510
2 415 537
1 303 904333149
2 399 611
1 989 536079476
2 868 902
2 831 992
1 84 876840120
2 131 754
2 548 751
2 604 837
1 279 141130423
1 153 576312217
1 816 759844607
2 486 869
2 377 913
1 733 837278457
2 838 950
1 331 669549072
1 362 94195062
2 472 513
2 192 247
1 519 638221817
1 413 986231947
2 56 385
2 343 876
1 458 343278678
1 410 750317338
1 893 42192768
2 363 699
1 931 18161558
1 61 58314422
1 10 198763688
1 396 388696065
2 565 631
1 678 743248954
2 251 807
2 147 704
1 210 93836404
1 8 643680065
1 410 251305534
2 405 577
2 289 821
1 477 529229229
1 451 78939588
2 310 654
2 90 91
1 934 992333090
2 375 386
2 927 976
1 905 122909901
1 46 642085001
1 75 104276814
2 291 874
2 231 451
2 542 920
1 968 325954499
2 688 700
1 84 57703667
2 104 895
1 267 877036381
2 79 576
1 939 539384554
1 119 39325699
1 149 824782127
1 664 182473332
2 431 658
2 349 579
1 10 498579695
2 50 60
2 233 963
1 319 21686834
2 95 515
1 165 187278639
1 514 40834424
2 180 234
1 597 83927364
1 873 793727752
2 172 519
1 806 624483859
2 577 690
2 61 526
1 779 213954676
1 892 574592173
2 42 758
2 289 692
2 239 588
1 490 150046685
2 465 899
2 179 676
2 451 755
1 529 428529589
1 426 688886385
2 200 578
1 231 732178705
2 403 840
1 992 428335205
2 170 771
2 266 436
1 354 73030641
2 295 304
1 210 183229202
2 124 980
2 507 896
1 196 528922446
1 402 18738282
1 199 772904261
2 48 934
1 664 211758555
2 55 227
1 466 926157343
1 71 842162844
1 477 818525806
2 283 519
1 729 66567878
1 236 971847585
1 304 752931181
2 44 877
2 378 657
2 491 888
1 779 11965794
1 195 865838801
2 622 934
1 932 720617859
2 256 435
1 339 854614141
2 95 346
1 290 795076230
2 331 457
2 490 815
2 286 635
2 357 979
2 156 647
2 441 612
1 35 592239944
2 157 379
1 437 809806980
2 198 553
2 589 608
1 450 533865294
2 11 624
2 587 809
1 373 991025546
1 643 779227262
1 409 80772913
2 197 318
1 931 120033666
1 287 229447461
1 763 362017733
2 201 557
1 618 630585887
2 464 849
1 612 836486830
2 122 130
1 189 855942378
1 385 965157201
2 7 643
1 907 176732670
1 755 674712278
2 99 148
2 492 726
1 696 206277127
2 556 847
2 495 729
1 22 178160552
2 26 638
1 623 166907326
1 761 651604726
2 808 951
1 824 682865612
2 671 958
2 736 756
2 43 302
2 402 673
2 158 227
1 369 106519927
2 90 156
1 224 289175583
1 449 719330921
2 329 380
1 111 61887140
2 129 165
2 190 488
2 75 446
1 846 467066873
1 719 720241863
1 785 28119921
1 952 765789407
1 695 485846129
2 560 971
2 243 324
2 614 697
1 434 179541916
1 725 963891148
1 355 62749720
2 229 293
1 765 200572338
1 169 452077540
1 798 211329846
2 768 801
2 25 970
1 952 924157811
1 159 858654347
2 449 467
1 17 220366757
2 22 468
1 502 999492277
2 170 210
1 336 733384354
2 408 925
2 348 873
1 675 182764254
1 274 680969673
1 847 566623098
1 58 364471295
2 564 912
1 128 604406019
1 747 167161609
2 89 594
2 50 566
1 798 168074718
2 348 868
1 25 224963811
2 156 216
2 395 486
1 168 21838532
2 293 884
2 821 970
2 770 917
1 178 947586307
2 336 986
2 290 435
1 835 618752987
2 263 847
2 253 881
1 188 675822801
1 645 264709652
2 852 897
1 357 56424950
1 780 446360500
1 92 425080016
1 286 633163904
1 107 71095220
2 635 964
1 118 363259124
2 727 840
1 224 95591683
1 64 995055067
1 690 265062794
1 612 152260046
1 845 158447822
1 222 134303293
2 686 889
1 14 85298666
1 666 866966373
2 331 854
2 378 640
2 497 897
1 553 225455101
2 7 240
2 701 952
1 313 951871181
2 266 389
1 303 908820069
1 261 47896074
2 372 823
1 504 746991473
1 841 216308200
2 665 906
1 74 5367240
1 904 687071913
2 670 921
2 569 972
1 922 43531407
2 23 665
2 592 1000
2 286 570
1 639 21337471
1 298 169601128
1 457 659210905
2 240 404
1 100 379898584
2 909 987
2 140 652
2 662 930
1 374 477117660
1 359 909651258
2 53 197
2 23 620
2 138 889
2 187 191
1 229 364966812
1 269 978230197
2 317 599
2 311 780
1 750 104445232
2 342 712
2 259 319
2 260 950
2 592 992
2 47 973
2 129 816
1 72 216494735
2 249 960
2 733 767
2 661 818
2 664 982
1 526 581137005
1 782 767772254
1 19 715820949
1 369 508846576
2 37 328
1 927 127471636
1 715 17518567
2 82 699
1 349 23904667
2 742 961
1 476 162266506
1 865 946589216
1 866 631523156
2 148 990
1 407 215040103
2 32 796
1 356 77257730
2 77 248
2 523 576
2 53 423
1 486 498549859
1 10 233837954
1 952 827057147
2 33 857
2 338 663
2 17 929
1 343 385609108
1 611 506609510
1 738 767511044
2 776 914
2 913 926
1 874 95588514
1 750 112414227
2 682 764
2 78 887
1 35 498885979
2 879 963
2 250 327
1 311 916833977
2 157 163
2 139 495
2 167 583
1 65 254263733
1 815 34332633
1 152 617858075
2 773 841
2 283 809
1 498 732405730
1 661 39641175
1 933 977298721
1 213 294943159
2 748 857
2 366 609
2 363 390
1 240 132419416
2 144 464
1 493 895135599
2 346 374
2 643 949
1 171 808801520
1 333 258865743
2 599 839
2 253 829
1 170 757142853
1 368 158668424
1 727 386315488
2 480 836
1 850 62099047
1 475 607441159
1 253 775745943
2 48 450
2 330 360
2 635 924
2 594 607
2 308 588
1 961 692710436
2 402 817
2 684 782
1 525 734770927
2 635 656
2 205 712
2 350 880
2 342 875
1 718 628358966
2 241 295
2 313 675
2 65 925
2 555 986
1 892 664915591
1 323 627490513
2 874 957
2 269 911
1 11 56787443
1 357 439327308
1 490 9015317
2 972 998
2 486 589
1 484 294048874
1 8 293432606
2 126 918
1 381 258659942
1 353 15995350
1 163 486109355
2 297 472
2 531 835
1 712 472191197
1 189 207739775
2 298 831
2 60 714
1 107 866292976
1 597 183206881
2 94 275
1 550 834219988
2 367 822
1 797 771003163
2 467 622
1 366 478592493
2 548 881
1 97 163875070
2 93 650
1 780 977506431
2 16 510
2 157 827
1 584 65128731
2 551 619
2 322 751
1 502 200170889
2 332 951
1 564 210871525
1 817 477130363
1 885 2780132
1 469 282198119
1 922 224358478
1 300 783690771
2 298 650
1 775 123074905
2 557 883
2 37 441
2 598 877
1 58 558207857
1 609 73993282
2 553 787
1 740 486020167
2 164 474
1 206 752771706
2 89 634
1 130 409597360
1 661 649692488
2 752 785
2 384 493
1 20 298560199
1 462 396683163
2 398 736
1 237 481609873
2 344 636
2 125 132
2 155 765
1 992 921712289
2 808 882
1 27 65519278
2 925 947
1 126 690215634
2 666 798
2 18 785
1 81 309486718
1 392 705921550
2 599 989
1 473 817273996
1 9 32655980
1 99 742220516
1 938 656283706
1 753 341774323
1 784 238247274
1 559 278457603
1 721 944890338
1 844 661579299
1 488 872804881
2 498 516
1 301 775366960
2 443 629
2 100 893
2 23 996
2 613 780
2 155 318
2 347 472
2 75 115
2 194 913
1 350 585936143
1 530 682262127
2 222 409
2 422 464
2 163 828
1 888 788007810
1 804 151040304
1 532 509469525
2 33 328
2 910 978
2 804 968
2 507 533
2 663 721
2 685 894
2 109 232
1 542 696113169
2 780 911
1 962 563296778
1 38 29869139
1 68 324511344
2 220 501
2 216 965
1 572 323805453
1 199 968748893
2 228 653
1 746 2054178
2 56 857
2 411 895
1 498 68943398
1 106 134787369
2 129 347
1 444 918013856
1 123 992321108
1 177 561675508
2 37 312
1 414 830071007
1 298 306188210
2 57 190
2 699 714
2 696 925
2 232 885
2 719 773
2 8 121
2 393 637
2 41 673
1 55 334356494
2 299 599
2 617 925
2 662 667
1 158 451606499
2 184 716
2 726 923
2 354 839
2 140 767
2 710 875
1 142 626838006
2 117 483
1 163 29244718
1 189 298655743
2 304 437
2 27 611
2 148 875
2 521 999
2 682 805
1 212 676749004
2 40 378
2 60 291
1 195 267837476
1 83 115659539
2 230 801
1 840 666319613
1 852 942917879
2 210 646
1 763 941840448
1 342 690824182
2 501 681
1 832 52813507
2 255 665
2 549 825
2 454 849
2 846 935
2 228 580
2 396 507
2 83 989
1 767 84020960
1 525 357283830
1 600 71637584
2 340 556
2 776 902
1 934 842030755
2 316 410
1 595 815123415
2 466 527
2 124 199
2 182 797
1 277 449847088
1 122 501135925
2 125 149
2 890 975
1 678 839925438
2 257 783
2 48 624
2 317 990
1 505 963314043
2 107 806
1 3 628190993
2 403 602
2 467 966
1 642 659555551
2 798 825
2 435 740
1 56 18821762
2 617 807
1 781 284962365
2 82 974
1 859 573947734
1 770 13966089
2 40 870
2 107 963
1 865 644121453
2 157 509
1 635 292645953
1 695 789351640
1 557 70844758
2 448 755
1 429 645790390
2 217 652
1 842 5633443
2 212 673
2 283 451
2 217 480
1 815 42683500
2 293 579
2 232 668
1 261 60082659
1 548 548154059
2 164 253
2 890 949
2 360 725
1 48 355916895
1 433 907798677
1 341 59460227
1 278 90523114
1 749 734057675
1 267 32599310
2 312 662
1 177 458032862
1 576 464396598
1 331 921785787
1 605 689013590
1 686 86272045
2 331 387
1 624 260239797
2 266 494
1 388 656762353
2 397 457
2 182 790
2 213 216
2 755 858
2 858 910
2 232 874
2 331 464
1 409 251082999
1 902 983122158
2 237 473
2 555 744
1 116 669111968
1 302 139798182
1 609 92848158
2 804 833
1 453 17737358
2 452 859
1 245 981661606
1 134 325296725
1 177 346800142
2 552 976
2 491 726
1 21 325627512
2 620 697
2 50 778
2 503 873
1 261 808022350
1 201 49932852
1 132 72311701
2 759 855
1 171 232727284
1 434 929262377
1 379 201185088
1 519 794748956
1 911 152074698
1 474 415358289
2 105 989
1 685 306488224
2 557 686
2 29 88
2 108 308
1 4 458889023
1 92 803970272
1 347 664312803
2 414 807
2 339 937
2 240 982
1 27 251553725
1 108 387783389
2 657 692
2 761 991
2 268 353
1 193 325478929
1 584 610755967
1 868 338761898
1 968 962702905
2 123 226
2 400 480
1 631 367185015
1 164 552143010
1 763 738819723
1 107 415406059
2 90 991
1 888 891690048
1 359 631879467
1 29 57191740
2 524 741
2 697 798
2 140 473
1 468 720101459
1 97 983794508
1 816 294732336
1 800 41544558
2 291 996
2 169 551
1 243 874049900
2 147 380
1 376 195053126
2 225 376
1 961 361259690
1 4 879730530
1 992 27518678
2 58 775
1 392 786277753
2 97 335
2 417 419
2 765 916
2 148 960
2 679 730
1 549 44764306
1 755 178221711
1 559 542292791
1 8 303822958
2 923 993
1 13 436670280
1 390 365934836
2 250 291
2 222 447
2 23 539
2 321 394
1 416 978438664
2 144 791
2 32 442
2 538 608
2 229 322
1 454 824869330
1 508 763113602
1 898 516091643
1 152 696523524
1 795 395552621
2 58 596
2 246 255
1 161 399914092
