1000
782556762
202490632
637738170
113205444
634428598
984827067
696015426
26020505
552125339
879273128
378528893
57266852
541118871
983490251
747006012
207562035
514143835
755599712
188817073
447343126
127733053
837411692
494784500
285248802
363489207
105411380
722527618
745241775
411510758
909718724
321588409
202943003
594078476
25103978
781642077
631558213
591234062
231805240
435640342
559139347
485492215
51508101
671826160
508819692
329440883
932635500
5255129
519945022
384958549
107287371
189217062
487879418
959847953
856527430
145561615
100899859
767521859
971565762
901981486
522384131
253240358
140169450
495453956
301050694
222764574
487678254
915877493
542881244
67771439
272821951
761502023
16062411
958049411
66216468
377201830
591155355
40618983
9395559
147320739
467259608
342495311
524332345
533319088
954171540
943579982
504722122
635291942
40963042
705088671
72427170
645510591
151255900
522210463
816338187
678286108
496535199
878724816
890775188
270794561
436485833
72678487
522727056
702576916
321680129
629610111
673859989
469807841
417226992
280674612
226036733
20821209
571681600
791467401
280739944
719916942
556621860
282301491
538998328
187620985
3772368
178319371
648060948
123034228
86962940
19177104
71385702
838597696
506241382
13890658
776909277
761081601
364828749
4094920
933323243
898470589
790155510
844555052
14271304
314199776
710518571
45131161
279196269
862745787
818565047
525991748
334919194
784658944
689708779
790112256
105827793
784339784
867000092
799874504
33034328
41195150
247691042
7976249
944101947
408079793
583966939
985822741
299191368
543379701
917155750
870724034
919460369
378225026
198928105
262730184
59104877
885562340
584016012
13817431
181074935
225647242
656311163
24556223
34617230
226306119
63769128
522933749
36085972
649257684
528881926
424465685
393703599
570010955
14771471
289429467
567680458
429019821
446589503
172710696
147554069
458635358
72181782
996996483
432908353
855253156
9644570
228417941
874484293
474742060
761137747
34642092
554469852
494064004
70339534
7601466
338275844
154281378
73379611
221058387
328695425
690325595
719672014
664720690
138312280
268607981
380197377
274921908
907169364
333076086
347841233
932115163
475042692
810940539
345443549
317840973
36099003
284756834
73453514
475304403
284580367
56825336
354869697
934983130
411712859
294323435
656502255
27324405
593707709
67345745
502487812
87924057
888207896
205094687
485089717
448994656
359409299
380680115
725234490
765209606
169471256
88794187
4599761
716000367
897946326
293725324
936914233
378913631
533285824
380148988
778292536
200188352
650385675
70207880
88663061
562781984
375633844
937189375
252636958
951583793
685514488
1180308
598285092
863855943
787353306
101515872
481549050
316337373
539111072
539193822
968166905
24194065
319601494
201574253
744404607
734410531
495633994
284823505
214581356
41434105
486802318
170471603
901568420
210464926
648685690
416267036
149212815
597834687
532208167
48956414
454694044
37707565
35283445
528287916
144719033
604677214
783199750
750882140
828576733
268714731
696224704
913970092
490358655
852631315
638302799
639994650
136616988
586793527
31747360
551505291
378418101
850992988
848483943
295330245
831218766
776609196
566731163
459623925
186228336
35631861
430523893
866679338
174285736
153554473
453841652
610575063
536431878
50811356
22218972
913791829
35168670
845209289
312833842
64331871
283671819
588197454
943041345
835746452
582518247
409451755
511913625
324088057
943993940
595100871
33180554
857475956
418326646
558630955
154983854
101655890
386437367
556035076
156589148
90361794
7231362
851354213
436550966
820544599
483596616
479339779
335253660
961374090
368302462
974110648
481421878
307649334
803212252
31648513
514559854
757309722
725211424
875574912
699872755
443518299
889925513
819413882
992662072
349063423
50927965
900747097
774469107
854434931
399614820
80694827
333266590
30833158
791532394
851481890
868013049
120168556
307211968
483104018
868710023
727969084
336875708
120694007
684072460
203114353
893489461
594369644
244164629
910117357
818461447
47789108
674895472
140178929
805589653
385118901
141876656
20360103
653814850
462901880
28132266
471953049
412324599
289439915
46531579
388129847
49233568
558716319
22265984
155658836
864901807
265574730
232172507
584804265
60447896
434474438
939658229
994355281
9576531
3375056
486209143
188973131
579145949
525443913
53303631
254950908
743344823
837806521
579979570
289713323
467474021
589377735
350838804
466183938
74439920
177826498
771730353
325532051
913238117
914658076
5235208
962663761
330082900
566946026
793371098
366121491
195400274
307018085
730230064
166887701
69626488
522566251
58257874
173051766
261095393
518681855
61851601
18282683
218793263
38729156
648177150
407456074
416795911
13795206
419210352
738570480
646266512
351777714
668645634
616850780
684430840
176602329
17216978
966235298
634252016
516979505
88082884
443246521
861357867
814130964
74529533
38114557
455068898
26473855
167278952
830866093
654798163
626885268
316828469
271055214
358133566
386059289
298239316
939386567
889718118
932985846
520595966
653701027
703902998
880624314
286299949
425333458
421940378
359858711
16554783
202054535
24469441
855934818
484070615
650421211
567152738
347248148
602156700
241002313
157798612
926450252
851996792
520398129
940375668
986389322
971246778
243618646
676836898
962209269
18790517
914579551
663614660
80602966
405457407
113018457
433946051
222936859
784508786
524889395
647942537
795496981
351061294
316333377
211039241
713508026
590885973
285098426
506151735
56015780
184467790
945371962
632888715
875833360
245637699
283869760
834640002
122932832
567653795
776985009
153650973
17835161
835375264
972640596
126423137
874670822
361045426
628529236
559912405
595333139
638585618
78667713
273951239
277634067
52920128
271011087
662312711
829991547
628742525
255392917
260928746
258159876
450964562
710513679
724881481
212233741
313249799
626746652
591421631
320301846
332836653
27664321
451661679
709156678
15326997
142611685
203066747
901293542
137854551
27967187
194755214
456514788
8313164
934286779
895982419
284725073
322394771
638623281
14786555
335081444
280933776
932433836
24817852
103228277
346745064
780088584
888751693
883858306
335477510
443767044
1307242
104104109
956760730
984217797
549452886
286797115
731706645
137840210
207708500
431110039
23102766
675920662
61958445
949325005
368972128
107543137
351873709
684694288
191603305
381043687
736812070
42746421
841480652
3110463
232974828
56463413
427569232
787030373
42783447
7223215
129852544
240363833
170578116
684547684
445118761
729446398
36368660
833234361
251880414
61109979
65206059
271482680
841059191
547476061
348184306
532432655
954119822
519698676
237477206
808545935
8358401
70840690
464853191
9039022
919869299
59810191
152410042
120027782
712342475
901225575
568308007
604244436
50793907
58889977
37304587
587207547
561486874
104263850
891123944
672833534
675134642
330801089
16046144
692886537
731556467
7254505
703174942
348746472
165327894
260258994
538212493
524138766
731069083
817338896
593617694
974186128
736378820
715680475
365861222
832774567
683017368
755673421
457285758
865114418
989673441
183454598
634091649
22226226
385299629
486569483
702964498
814363468
342577361
197180995
985086420
355364170
518732641
30440697
239883503
4353434
236120889
103133405
702415250
236251598
633773432
45688579
906987627
67851034
48044544
415625059
992822321
49382617
358499319
520260439
91047963
590589192
79619144
803894304
825235046
515244233
606489635
569793376
524379858
655865570
279753081
226146209
286555429
603066940
489904001
55266509
755503015
421002340
715521334
285245621
715505061
886452237
674880471
791406987
652154351
104100748
1305445
67693159
542190938
456319835
294548264
901727685
461522238
118344854
359388203
204285445
790790648
276338561
304425915
658027498
944615785
132399616
975286252
520447772
919019893
96004638
395532308
835789478
289277574
278456455
615828302
506730360
25915911
732068621
202170104
627095270
686840041
212598567
279553333
895661351
207268385
981908589
509971308
996154328
950072615
322813725
35948743
500788343
247636089
978731673
169073845
518509288
942387222
789523431
233495913
645949426
49257476
178361392
522901081
883950531
638432970
645980993
559937215
4544104
766354422
714701325
173985819
588401750
258170521
59927849
176710831
807546084
644468678
17649487
486884866
436572367
401143063
467995612
607070
51221172
523245352
611242321
353478738
455330713
33230873
414780374
690391856
705402213
749576720
583921586
622439312
27549028
915856821
55855572
633725131
405079748
237902004
165321806
11914881
174087450
223867967
923235540
376071443
100800221
899609482
786832193
244030506
466642922
343581261
354613779
607716655
971678719
260819781
920736490
473929680
235696448
417087155
553728269
150391425
264768180
186722523
509320165
981496057
852300489
771324038
503570815
386378417
19068364
573330817
25596174
453140840
493575282
904767260
321588583
24139682
757247571
555297451
607281028
337266468
719266921
695605769
320246018
601132922
546368405
787800592
969840291
683471985
163665690
535783714
67652300
175795357
500507424
359327140
762116103
276725716
38422322
391496829
668988291
977581489
620288193
147333019
700270479
66603538
45626271
11172462
605908515
951659931
599172
804899436
554703703
785399857
290621837
838547851
165779433
335307647
891253944
747323594
358001596
598329204
6508649
441711784
502110292
718340803
978516456
581553579
539009882
942960994
171728352
499859163
547467550
882778892
298277601
19004484
983494416
589584831
792114144
863951224
368971334
157685822
665162418
157247498
94440954
70481552
961190548
690626068
228791817
701416063
364251814
393153714
295264629
371612186
68251756
724149892
718420195
119299635
727771724
704517680
406 466
866 958
448 874
483 958
442 965
127 285
99 522
543 764
798 833
739 937
657 737
944 978
262 305
451 519
350 651
332 524
12 689
272 416
407 582
184 328
910 955
412 606
78 147
345 426
665 820
289 960
217 909
793 852
128 819
470 480
50 852
88 294
393 405
451 977
243 713
44 77
337 717
3 840
653 659
37 42
925 970
459 957
699 770
805 895
104 634
486 895
148 945
478 793
359 857
495 985
844 887
575 694
423 735
461 594
200 537
178 452
889 986
157 758
11 924
176 372
125 414
874 884
251 781
430 509
606 848
348 772
106 780
117 942
410 718
259 699
127 421
895 943
286 972
403 781
276 535
633 919
47 895
130 623
6 518
103 162
204 954
124 183
154 905
431 660
832 964
305 806
618 992
291 526
168 955
483 821
476 533
177 228
858 874
873 990
540 599
260 741
185 863
168 655
286 524
166 833
284 719
206 396
263 939
442 949
87 216
658 703
406 467
24 318
391 885
127 169
356 793
150 238
236 849
176 711
732 929
872 915
146 610
665 967
232 597
694 858
197 256
826 852
509 632
178 414
38 712
684 751
30 107
821 900
595 625
878 987
80 858
23 772
43 862
134 394
735 859
532 998
682 899
50 883
377 778
68 914
588 944
139 389
717 891
403 878
687 767
427 954
225 344
396 755
278 281
90 681
369 697
729 894
544 872
541 722
228 959
173 569
375 900
750 922
95 617
93 687
37 838
668 791
308 398
490 825
939 981
232 705
284 535
60 595
134 240
199 259
799 959
507 597
154 483
244 583
82 130
463 625
206 339
248 876
402 413
109 470
186 634
45 644
430 995
358 843
316 922
854 995
130 297
20 336
147 312
758 802
413 844
114 158
449 545
483 861
449 596
231 830
294 860
437 790
269 363
645 976
19 462
29 485
207 508
545 667
20 373
220 788
27 863
154 696
160 391
528 622
451 875
295 690
279 651
207 793
237 468
562 635
265 564
481 765
206 456
453 849
202 665
135 707
203 547
489 805
78 191
60 859
40 482
230 899
157 711
193 838
92 610
583 823
45 248
504 563
403 960
55 636
721 998
405 633
38 765
217 445
190 568
213 934
18 62
195 808
102 765
203 310
731 745
450 617
72 399
564 568
299 447
682 806
243 651
84 594
202 433
293 770
260 293
180 973
618 959
118 729
682 840
14 175
331 859
399 418
693 735
12 739
825 851
133 926
86 441
183 304
575 814
313 834
266 285
918 931
554 730
86 279
221 568
96 692
110 195
449 738
204 399
24 172
711 713
741 761
183 332
495 597
115 536
480 833
291 533
84 415
623 978
63 311
294 732
159 246
140 644
494 912
695 886
419 649
4 276
196 857
333 357
866 880
411 519
438 612
589 677
393 671
527 571
612 733
380 933
620 958
388 884
106 259
266 943
654 753
344 456
165 425
415 883
90 625
168 796
767 863
357 826
898 974
337 484
48 583
17 50
198 738
23 549
411 522
751 976
85 975
477 671
229 772
116 705
14 424
361 384
23 852
26 86
193 753
453 813
557 667
649 951
300 788
135 707
37 251
192 480
439 492
400 555
233 685
256 787
214 783
574 793
518 742
678 683
542 945
211 806
395 552
400 695
359 997
120 714
317 465
83 161
318 791
244 840
101 666
351 908
484 586
316 797
67 596
615 919
668 682
3 48
639 858
625 647
708 821
307 386
337 533
176 690
508 990
374 913
587 943
446 743
316 364
363 890
7 133
461 945
92 764
142 922
287 946
6 22
578 768
62 652
480 969
260 807
182 251
188 593
191 608
21 950
74 429
300 712
459 993
685 770
569 756
460 923
18 545
733 870
77 928
188 678
725 785
125 856
388 950
74 764
21 657
438 765
19 779
254 935
33 798
68 872
153 506
242 926
388 444
238 662
143 451
296 372
112 582
783 964
303 943
425 896
911 922
70 407
368 641
76 404
263 948
854 948
231 902
481 756
260 724
273 414
71 123
331 534
698 709
129 834
23 158
7 919
257 989
782 971
147 948
459 691
291 311
443 497
511 657
232 852
218 736
15 678
271 333
234 438
9 299
180 746
657 869
6 335
911 950
39 834
117 625
180 954
39 894
371 933
234 516
375 502
6 848
310 727
402 911
169 441
315 417
460 543
32 681
654 827
274 749
55 483
99 221
306 400
938 967
352 734
634 669
258 750
201 429
128 840
196 453
228 714
98 467
538 793
28 868
605 968
104 979
176 238
27 242
513 918
114 646
526 657
535 683
401 774
78 137
73 965
677 718
216 917
73 376
624 885
396 988
69 584
103 355
540 866
789 887
302 585
14 180
812 966
787 901
629 714
35 512
170 659
378 853
700 930
242 902
881 952
131 376
34 197
346 961
635 931
513 876
57 761
168 206
448 672
661 731
220 350
140 662
588 780
155 851
40 554
457 553
444 940
304 808
158 909
206 673
429 909
775 842
221 401
90 578
468 637
421 590
406 834
105 465
15 998
33 719
180 413
123 914
186 688
453 772
604 701
149 368
609 751
31 697
300 562
763 826
379 480
388 757
79 553
315 819
780 880
386 393
256 713
162 937
572 986
37 541
614 909
193 669
120 833
262 739
750 779
400 680
716 740
472 768
4 135
465 915
204 586
8 401
702 822
671 949
17 772
659 837
200 735
65 728
49 140
35 650
644 721
21 817
56 321
475 551
289 639
137 979
469 718
520 811
263 739
700 883
192 813
156 491
104 429
22 233
596 886
507 831
247 749
695 888
126 269
485 874
769 966
6 530
152 226
169 204
89 593
400 949
562 583
328 442
364 810
486 818
193 362
624 835
455 663
65 344
589 939
386 820
70 836
469 801
459 464
52 176
399 974
405 912
167 184
434 747
310 588
163 415
197 688
105 381
176 361
105 574
7 128
218 662
106 365
52 562
89 487
305 483
828 934
452 684
349 683
9 955
238 330
388 516
42 976
718 966
493 970
432 894
811 838
54 830
224 614
105 991
604 882
544 550
615 979
116 513
200 955
42 284
24 448
173 802
694 924
473 892
452 789
423 522
732 818
803 856
398 873
238 647
158 737
62 278
849 947
188 425
784 945
80 98
456 658
91 711
376 428
285 986
399 445
285 882
354 666
187 449
485 742
98 466
10 328
754 922
145 496
557 882
778 983
453 795
339 605
58 493
36 92
33 923
400 810
617 789
136 173
856 992
404 582
2 964
465 543
594 653
575 602
165 887
822 853
748 933
448 736
339 995
9 471
421 846
470 661
316 940
683 687
805 986
715 992
5 662
579 989
814 901
348 678
600 667
164 620
285 632
439 555
578 989
412 926
74 748
509 728
75 505
74 141
687 976
389 746
87 163
216 219
20 279
73 213
551 581
45 931
348 807
609 863
44 256
251 291
308 630
372 855
156 407
284 516
305 777
410 603
312 468
389 476
59 425
197 520
175 833
32 354
275 328
148 931
111 548
133 328
308 981
240 484
374 887
20 352
113 495
940 986
349 435
555 774
468 604
93 370
885 946
682 805
491 971
311 530
142 718
317 952
64 554
276 962
117 315
363 518
255 481
26 343
44 794
139 1000
30 170
29 373
232 368
57 716
356 584
58 867
142 529
155 190
215 896
8 859
635 675
127 683
403 967
292 330
227 892
774 826
230 899
13 851
134 590
785 990
748 776
167 685
681 949
398 713
100 882
45 742
119 304
521 531
10 830
268 467
490 785
36 43
716 761
787 806
209 393
185 330
9 245
353 412
173 666
800 889
27 819
51 730
473 530
286 988
383 841
573 876
115 774
139 511
723 784
397 415
131 1000
330 896
38 157
761 840
141 629
158 470
707 784
483 543
230 579
526 948
566 692
153 829
825 840
77 177
139 873
658 664
186 579
131 280
55 636
182 681
295 537
701 997
312 512
244 604
24 586
261 591
212 995
246 432
100 321
645 800
116 132
34 313
865 875
356 411
200 909
469 476
118 314
246 556
261 916
33 80
69 327
771 942
406 680
680 944
31 131
279 591
123 179
690 939
949 991
861 992
211 974
218 561
423 852
337 371
207 646
663 902
703 754
233 535
240 279
51 641
158 364
292 791
510 808
29 885
23 567
479 718
181 643
50 647
640 840
779 887
323 511
437 879
356 854
9 145
244 352
636 936
656 965
66 670
900 957
59 135
547 968
400 592
763 767
332 526
861 883
95 658
436 766
746 828
740 792
83 620
500 598
630 839
785 912
558 876
184 989
715 962
68 407
386 396
182 432
57 356
83 919
217 402
27 602
367 370
263 330
768 957
707 817
313 897
72 193
439 975
486 584
516 541
77 105
412 754
432 973
283 719
434 477
685 715
478 900
305 830
375 842
583 583
302 842
165 187
628 935
36 71
52 156
95 921
160 810
226 807
333 416
80 698
7 216
644 931
354 407
415 576
242 273
162 585
647 799
167 243
235 828
32 84
93 288
192 291
154 519
1 636
223 986
332 985
765 995
44 637
55 828
247 571
363 596
532 949
809 830
50 491
105 654
198 312
497 595
702 801
457 834
1000
2 681 979
2 297 713
2 101 173
2 155 421
1 916 269504393
2 840 890
2 286 707
2 543 690
2 635 762
2 322 372
2 625 863
2 125 147
2 63 169
1 198 647321038
2 271 801
1 887 503318736
1 784 907411242
1 410 209021841
1 603 416033350
1 268 318108735
2 96 713
1 113 306091923
1 480 107791203
1 963 309496562
2 269 621
2 223 300
2 91 847
2 574 889
1 392 68251865
1 746 114868357
2 818 921
1 544 49022239
1 407 173042020
1 7 605114889
1 898 3152367
1 948 193869040
1 236 671323752
1 65 327229939
1 946 65868722
1 671 562087350
1 846 401760349
1 659 477962694
1 803 726633641
2 28 476
1 397 14129341
2 187 804
2 955 968
1 205 843452757
1 608 264534407
2 150 734
1 505 320535984
2 287 688
1 72 13735103
1 762 563163839
1 682 646420134
2 307 925
2 130 156
1 376 861243824
2 268 691
2 333 675
1 949 60481940
1 938 961819643
2 152 407
1 966 518770027
1 706 758949580
2 19 289
1 752 462977346
1 540 982055260
1 499 904375972
2 148 504
2 696 784
2 63 560
2 84 544
2 126 677
1 312 88991162
2 308 931
2 553 622
1 45 509840299
1 659 699220470
2 561 603
2 361 653
1 614 329643110
2 521 987
2 299 550
2 312 326
2 373 855
1 502 926485344
1 651 10147382
2 265 475
2 876 922
2 281 725
1 89 712931677
1 737 339874043
2 60 726
1 936 382489838
1 397 462839574
2 64 491
1 943 919945831
1 793 662346421
2 148 398
2 644 984
2 195 631
1 585 745018006
2 159 216
1 208 739771615
1 205 963476382
2 347 600
1 12 234655049
1 844 945381883
1 444 306375245
1 576 212767888
2 842 955
2 241 863
2 335 659
1 827 821582854
1 327 134994972
2 166 482
2 445 632
1 132 350320467
1 899 777762493
1 181 596240560
1 471 778116066
1 890 542849102
2 70 317
2 270 947
2 855 959
1 923 48305045
2 279 827
1 730 423877512
2 286 945
1 149 10330632
2 76 878
1 500 486627888
2 776 902
2 5 788
1 920 374978398
1 607 290874270
1 600 564810089
2 501 825
1 524 777413308
1 461 361309612
1 574 804346641
2 283 536
1 569 370880219
1 875 852140729
2 315 499
2 378 495
1 667 387336359
2 201 709
2 272 958
2 484 774
1 252 992946739
2 49 550
1 681 26818219
2 797 983
1 353 663255605
2 533 595
2 3 620
1 703 6581924
1 906 524090246
1 631 58940508
2 119 272
1 354 305142524
2 164 397
2 656 861
2 78 676
2 252 298
1 905 998782771
1 740 825284529
2 39 664
2 22 318
1 812 83447670
1 892 895626857
1 341 315570615
2 234 726
2 337 839
1 236 185301416
2 449 976
2 62 950
2 304 568
1 165 39215599
2 767 949
2 17 110
1 741 806398551
1 254 20753735
2 37 431
1 330 605956545
2 413 658
1 105 441197753
1 420 343809131
2 75 438
1 809 821577164
2 586 925
2 659 826
2 362 423
2 133 906
2 517 653
1 954 921781082
2 795 841
2 54 258
1 199 839416537
2 159 764
2 624 820
2 933 991
2 235 329
2 64 528
1 198 715844754
2 591 950
2 699 739
2 146 617
2 311 977
2 696 988
1 964 811137010
1 278 222298924
1 563 929112060
2 409 455
2 421 920
1 377 307561562
2 139 290
1 426 813246373
2 841 973
1 809 410511341
2 570 952
2 648 671
2 225 324
2 442 536
1 652 55544003
1 814 332786693
1 51 664033654
1 698 771848082
2 323 851
2 143 539
1 512 440149717
1 308 972530505
2 29 826
2 214 893
1 493 109991433
1 503 899346347
1 772 887547853
1 414 357715216
1 479 883617746
2 28 270
2 110 762
1 465 528455822
2 554 969
2 200 653
1 42 614711888
2 513 944
1 161 920032686
1 55 660818626
2 173 484
1 839 953692791
2 77 912
2 307 313
1 531 759587778
2 600 633
2 292 571
2 167 470
2 640 768
2 343 998
1 448 989613723
2 781 879
1 775 256840987
1 477 17113351
2 861 976
1 609 981703485
1 263 761707572
1 815 475745994
1 575 211875947
2 408 411
1 429 467745681
1 478 697270473
2 13 315
1 736 70448473
2 439 946
2 395 598
1 101 599807660
1 159 455608049
2 627 716
1 530 616928344
1 892 67728177
1 586 759503155
2 656 1000
1 933 273727407
1 57 139707781
1 112 17773175
2 466 817
2 128 745
1 163 976620952
1 789 506966265
1 991 37685260
1 664 365958589
1 218 83104092
2 143 330
1 390 494385547
2 109 455
1 6 439992393
2 362 443
2 215 629
2 600 853
2 423 642
1 739 363096615
1 920 335162781
1 430 16997953
2 188 348
1 694 199541320
2 167 343
1 820 876850829
2 908 943
2 511 681
2 111 1000
2 652 925
1 205 76059111
2 143 329
2 258 310
1 746 943900429
1 16 344416930
1 130 329415936
1 513 848300362
2 464 592
1 559 432506658
2 425 446
1 760 127353697
2 171 386
2 602 707
1 244 159423593
2 246 275
2 425 969
2 186 514
1 111 210119844
1 332 89768330
2 738 798
1 277 396378900
2 89 95
1 413 831669169
2 270 278
1 28 964954128
2 130 472
1 665 972918971
2 194 886
2 15 72
2 577 719
2 220 900
2 88 638
2 338 444
1 764 151215412
2 837 838
2 152 241
1 798 7575146
2 602 729
1 131 344696715
1 688 68926893
2 154 327
1 946 68865788
1 555 80667862
2 335 636
2 426 484
1 934 984590314
1 257 173862388
1 459 5018907
2 719 932
2 799 800
1 302 822050221
1 260 232027798
2 42 235
2 140 383
2 206 324
2 46 146
1 906 518049368
2 157 342
2 449 461
2 213 736
1 765 787451336
2 604 769
2 281 332
2 145 625
2 450 817
1 355 765459013
1 49 816246432
2 52 774
2 138 999
2 127 987
1 736 110455411
1 649 481590375
1 987 404266530
2 86 317
1 968 232825899
1 542 366722905
1 663 33594570
1 443 450258589
1 622 567880044
1 246 428492691
1 485 281857136
2 717 902
2 48 513
1 622 117055292
2 261 727
2 483 796
1 342 247313139
1 295 811527836
2 364 902
1 633 504415667
1 812 976894678
2 334 467
1 305 177606644
2 340 470
1 999 285457534
2 57 699
1 269 965932740
2 351 583
1 918 920363748
1 772 11741069
2 100 161
2 338 518
1 551 755890116
2 298 593
1 730 328732440
2 56 63
1 360 455978785
1 888 446185530
2 163 869
1 405 492053571
1 541 71383229
1 473 187032794
1 252 722209318
1 895 544555708
2 768 828
1 752 23731496
1 718 820018190
2 237 587
2 290 512
1 952 174633101
2 280 805
1 440 290853259
1 132 549994692
2 188 990
2 204 884
2 325 951
2 771 883
2 311 486
2 559 836
2 463 708
1 717 345239320
1 955 944489732
1 876 172755790
1 389 247481784
1 336 206878014
2 16 579
2 472 811
2 500 501
2 450 894
2 91 680
2 83 677
1 691 361393307
2 399 503
1 876 847166639
1 769 424166639
1 845 582401646
2 344 423
2 82 571
1 485 730259706
1 138 987611413
2 280 981
2 43 249
1 545 57812041
1 499 81250557
1 487 203493105
2 208 771
2 121 509
1 248 764925430
1 738 99574721
2 58 739
1 80 396567240
2 443 691
2 15 195
2 242 426
2 194 512
1 924 43788876
2 591 675
1 12 357433038
2 244 401
2 309 316
1 358 66559724
2 398 533
1 845 67671990
2 237 589
1 827 553002472
2 186 423
2 676 885
1 872 163285642
1 99 818870492
2 6 731
1 755 278240370
2 666 931
2 35 480
2 240 539
2 72 946
1 906 133468106
1 541 77919008
1 458 448149408
1 324 109911650
1 524 951402593
2 739 966
1 565 977907245
1 366 567166328
1 107 420846188
1 443 940246608
2 533 977
1 895 587393710
2 209 319
1 681 651040681
1 829 983676290
2 670 837
1 938 636215710
2 243 684
1 473 976685153
1 291 168801469
1 324 345803874
1 953 483171138
1 723 938056452
1 870 725014719
2 464 862
2 784 951
1 385 104023057
2 342 663
1 224 501342129
2 651 745
1 52 42461267
1 901 17444096
2 166 761
1 820 850590478
2 369 535
2 775 818
2 439 821
2 270 492
2 374 569
1 123 4961180
1 704 789868591
1 617 49316564
2 728 911
1 218 656575297
1 647 174254330
2 67 280
1 447 125516820
1 422 591665884
1 836 457588346
1 85 36414009
2 212 714
1 424 504193889
2 81 766
2 17 972
2 628 871
2 102 221
1 705 59810561
1 63 702954836
2 391 997
1 577 594435590
2 43 978
2 432 647
2 868 902
1 760 882707361
1 837 444701298
2 725 814
1 113 429138179
1 381 589266969
2 73 767
1 891 389666986
1 973 54898205
1 886 11533045
2 53 793
1 761 504209993
2 119 767
1 844 328961727
1 171 500721300
1 890 956481461
1 857 825905732
1 4 393920648
2 682 720
1 567 306025872
1 152 730734570
2 184 227
2 381 954
1 516 686742078
1 419 348872850
1 92 966252001
2 235 408
2 169 408
2 290 344
2 915 985
1 328 396667350
2 175 637
2 329 924
2 394 679
2 341 786
2 170 651
1 752 9769926
1 359 32140655
1 90 343600913
1 379 72708841
1 97 569871450
1 879 425448770
1 670 470555861
2 14 83
1 319 134705366
1 67 852276970
2 657 843
1 791 368223288
2 483 532
2 625 767
1 740 998145569
1 612 415934215
1 307 148159376
1 980 205085308
1 569 981045765
2 177 369
1 159 561531246
2 71 368
1 971 150252065
1 556 935860494
2 667 772
1 312 13501644
1 771 31646364
1 633 352998556
1 675 445187530
2 242 977
1 282 66932611
1 200 836547291
2 551 720
1 968 607443649
1 456 14423621
2 237 743
2 254 622
2 19 118
1 391 29727543
2 35 160
1 479 542767090
1 265 790005121
2 391 824
1 453 636574562
1 54 283733120
1 548 404068811
1 467 85698668
1 996 775013470
1 48 363615948
1 899 724076148
1 200 199037258
1 440 405461660
1 412 874679129
2 107 395
2 403 688
1 17 326435332
1 16 839265611
2 221 521
1 609 52854148
2 508 939
2 270 710
1 40 377596831
1 350 465877843
1 144 164975434
2 223 969
1 318 744520143
1 865 874102924
2 481 854
2 274 919
1 364 587462584
2 443 917
1 663 375711176
2 528 733
2 397 805
2 424 697
1 982 224299765
2 305 979
1 862 20586724
2 224 893
2 22 837
1 612 460699999
1 393 489182473
1 212 446229890
1 441 669168047
1 737 170604049
2 10 827
2 217 646
1 10 494205449
2 365 921
2 699 912
1 812 67008590
1 378 83668274
1 17 423714000
1 293 621546706
2 525 975
2 226 419
2 180 505
1 627 483146842
2 135 869
1 256 250563573
2 111 319
2 24 769
2 442 943
2 366 584
2 215 216
1 703 141876468
1 85 418008980
1 313 278567088
1 460 78545461
2 13 312
2 672 932
2 505 662
1 136 59828999
2 620 993
2 332 940
1 909 226576986
1 454 15800664
2 502 723
2 61 478
1 500 371654367
2 862 913
2 98 616
2 171 403
1 538 432288809
2 4 129
2 712 911
2 921 956
2 458 800
1 282 59795312
2 62 816
2 249 312
2 232 349
1 549 596197021
1 698 199111423
2 309 883
1 900 266403556
1 401 208332974
2 96 552
1 446 199086394
2 742 836
2 399 852
2 689 851
2 681 976
1 119 457665830
2 774 869
2 478 918
2 104 376
1 339 359029342
2 467 582
2 24 310
2 131 155
2 29 833
1 590 521765752
2 138 561
1 510 79501962
1 221 21995497
2 23 696
1 216 759163779
1 966 130003168
2 7 450
2 499 850
2 3 135
1 432 984740173
1 435 433178988
2 138 522
2 153 619
2 191 990
1 290 28873914
1 778 727923684
1 518 850731800
2 468 594
1 550 469673376
2 66 763
2 254 823
1 351 654651101
2 223 902
2 204 346
2 807 871
1 513 412607831
1 171 737302393
1 697 641075345
1 555 225005866
1 611 539841779
2 159 315
1 548 577981161
1 615 845327121
2 147 334
2 113 169
2 251 693
2 359 483
1 931 724929177
2 336 994
2 276 619
1 894 391383651
2 98 845
1 769 39099708
1 672 866380244
2 40 490
1 70 36761531
1 914 375905729
1 507 796233088
1 587 471469068
1 405 805537292
2 244 672
2 87 103
1 369 91885872
2 91 131
2 86 530
2 415 1000
2 245 565
1 933 510765784
2 357 365
2 335 563
2 186 973
1 576 745964406
1 105 9583042
1 889 932611232
1 395 707283011
1 778 448459086
1 40 533838017
2 104 503
2 286 317
2 612 941
1 92 544188411
2 793 806
1 676 8604766
1 401 188555071
1 432 135169733
2 262 645
2 79 154
2 731 769
1 220 192895415
1 445 436360514
1 23 14181869
1 931 402026681
1 228 723300400
2 299 473
1 170 643191549
2 731 875
1 815 999092175
1 957 380445577
2 946 950
2 150 939
1 2 377335802
1 357 250730243
1 445 194248591
2 377 619
2 124 625
2 117 719
2 666 854
2 84 210
1 585 676568409
2 802 955
1 112 486011534
1 147 33093209
1 698 310905260
1 159 64682622
2 638 648
1 396 128856243
1 154 660544453
1 796 838136772
1 626 120204289
1 584 738045701
1 192 754544734
2 746 823
1 184 726561402
2 407 765
1 498 453102324
1 815 70201226
2 615 721
2 511 638
1 198 594436424
2 931 993
1 285 511993172
2 332 520
2 70 401
1 379 34324817
1 212 29653920
2 642 670
2 74 472
2 724 785
2 6 821
2 499 718
2 389 530
1 136 460355001
1 426 480144154
2 174 633
2 685 690
1 993 977966505
2 338 914
1 308 191325049
1 78 17524734
1 123 266451874
1 131 355283876
2 145 828
2 93 95
2 553 649
1 864 98382707
2 636 656
1 770 552986209
2 220 281
1 646 423317125
1 319 598303986
1 47 489344161
2 409 775
2 279 439
2 87 709
2 2 139
2 654 778
2 512 837
1 752 304650235
2 639 873
1 707 796560619
1 285 640426404
2 135 693
1 498 760397219
2 636 752
2 314 707
2 644 794
2 549 886
1 267 6373450
2 282 987
1 247 969401170
2 911 988
1 849 159144557
2 355 691
2 75 816
1 272 378873021
1 683 775970542
2 14 880
2 507 974
1 101 559392822
1 753 820200870
1 153 134503360
1 692 139411977
2 19 59
2 107 408
1 262 947714469
2 323 329
1 765 160515760
2 304 697
2 839 931
1 46 574677927
1 564 504351359
2 123 537
1 706 777269383
2 562 779
2 372 914
1 681 763504804
2 63 329
2 767 831
1 809 340821952
1 518 575651874
2 119 737
1 727 372218877
2 88 796
1 832 740622311
1 777 483924999
2 463 472
2 573 579
1 21 7515337
2 354 482
1 797 855390721
1 546 545846835
2 33 870
2 198 211
1 189 931187930
2 121 493
1 574 21557102
2 292 968
2 45 581
1 827 467991325
1 872 382437777
2 292 588
1 544 633087996
2 416 687
2 904 913
1 166 746901559
1 788 936773872
2 453 701
2 390 438
1 390 873299927
2 413 750
1 304 62447090
1 113 648306416
1 974 198533328
2 155 978
1 871 6802297
2 199 752
2 101 991
2 231 707
1 817 372992221
2 306 368
2 317 784
1 249 23920312
2 441 785
2 699 811
2 146 449
1 554 815630630
1 473 155153263
1 997 69371295
2 576 710
1 939 574347451
1 218 863950051
1 271 42034329
