1000
781466238
791189262
479069014
167072541
592612574
33290498
957731818
196521812
354350047
279383482
932841412
432179874
50962843
443538230
693718001
297986955
244206004
314522908
588941381
20613496
399538126
895417655
762297814
399056690
31356434
676411380
485782910
23481707
519160749
169051875
311279197
681774390
78388047
668810044
598457430
552383113
140151213
467609688
713574029
952696514
590615551
327482932
46844912
873939743
50209923
35088881
332563371
777163589
676512504
554107478
82204593
617514938
785844004
438103629
25306938
687411307
629465934
29746018
663864127
983226150
283322564
995057223
55228160
169161249
988141655
717236051
929912447
581215858
791230682
320478462
226614531
17084564
523468199
479727206
773626774
934598889
783645977
49194445
18560903
26490930
667514643
730719001
904231144
171118616
389311352
601695827
866887952
570312615
279183536
125880872
833257755
673774542
452098602
244665963
929540197
585400288
73481940
66196113
82985747
624798230
517795749
594026548
589533322
559572491
607882772
537036176
467638774
582670142
41890462
306593801
441708741
813206420
269570884
242398883
859307305
394804691
671521290
583025801
353197209
485992488
777898873
34048391
543117392
405726882
10777374
7027855
671333325
892332468
876469257
529724472
425374545
517404855
50002254
753463610
210541156
286901350
762208904
837020403
20121681
323553632
152482897
869847525
681310373
441336490
71992523
97915958
436090292
317582378
409913370
115746863
382081812
335926573
164659432
139110078
953127456
952992482
334083808
465696244
775936630
588784348
33665843
163677063
566663289
630230420
359958806
800821072
182318032
368990437
367646785
106628558
638043622
125860494
832333682
264596130
353622120
751893172
127301864
769184529
660091849
579090013
66167017
544108678
167181761
558379510
236789309
731491085
538666954
405109710
554822832
635947992
54209954
784113304
865873811
782186430
727065548
797680621
177821244
201439671
60492815
438773448
416222338
831118689
212710901
494958089
187658561
774691199
685431117
975161074
24679132
43616884
946194601
208369581
343914422
528055500
532635105
54826947
107208888
196020148
459453070
609565862
47686607
848852861
1482384
977145897
157171818
441174045
589940361
317110019
623116288
31059886
716585567
666169680
289332360
663664877
98476990
325584655
82818815
925806012
219251860
878443173
669097446
540610976
172393875
918735704
778609601
338127939
691983539
116082645
499369370
749446132
264606637
729673899
945512827
972269602
502355584
129788622
302071031
954608613
375435760
96633365
204676002
828698741
779999746
684112828
978806165
15685041
112971906
123304162
771612139
854275737
181969789
765733132
723642694
47677396
974896071
665488544
73884747
781655595
395721591
864782187
526191137
850274060
40168550
465503004
549219062
337235208
904642227
961995207
10908283
378509909
840652609
507445347
115932771
448969549
195898935
662554956
792298727
614226157
610549120
930305729
897174341
159548246
189710153
404268391
166931517
110373968
84147334
88331972
765161107
55535554
4907373
518030277
911223695
567801916
408870393
54075193
991610240
959059309
19234920
288254036
678227508
526912173
58320829
310144301
13169538
504532852
593752127
234429760
721803201
870673377
335031288
30764013
713237582
51667764
395616567
98206454
662082569
663727700
136321295
363660549
556103640
893355594
122453461
51044388
767387428
508051140
383044006
269201475
647411287
21328019
415171807
828518838
14332772
529445933
932926627
949601204
868494911
997583916
918722904
643398361
148585312
512008141
714612010
614482852
10454084
130082162
415912583
688428282
114003436
32103713
9413282
57436322
908391773
565689090
183159792
975798215
818133534
740221413
585519277
274129273
575718077
613092793
903411032
470987051
266251594
52694550
463523635
112738103
338355674
319492276
652796612
448685398
64638214
949681138
493081175
39378728
968814185
531126608
403643514
331607730
185747238
297947125
192113279
124893915
599366751
879931179
937488125
46218222
176415167
796657885
28562511
842702363
224931825
991681568
831634196
861903349
365579046
373837735
480921773
318200566
615954836
619936845
888587714
893853687
925067762
910641039
24825022
200255416
305228284
854183439
48807502
942367582
929737973
859430419
636060134
353188080
17097248
32847875
525205564
700700121
639458118
746593007
408712651
64426345
654115635
24887558
84574033
963239764
559375417
85651488
131527250
326554161
210255532
290319926
34339731
538258940
500543332
732596708
201149855
750029461
347170366
161878766
357064517
677316158
787803291
577740472
756300312
771262497
86309855
758125260
844355822
914330312
246473715
122339160
738236001
860628643
238027204
43780525
157428562
273691782
631653826
465315522
172440929
509026344
314526306
406545839
256474485
625463974
319945372
216271410
302765626
509762813
811518061
201144109
92023454
377465491
886076247
998533413
504538196
945144751
121298652
326271173
34607698
51762684
794654983
66837850
566318930
247073034
35664099
63735636
934963284
976424141
903249153
105671371
823876378
699924508
511439350
433791480
36879018
788468019
301459675
773148599
147138512
58564658
878294475
34507276
406827930
346907548
740126313
982996123
369365466
977454809
46888536
544746286
67746728
14374580
323246016
112434227
52547549
71312349
569267664
415757116
691085208
422746984
84432694
283833213
695385277
196734284
920521385
374186577
247073393
123383014
900126560
56369589
88785824
217496947
264410008
335223500
917701496
352781465
402377489
3042905
302617579
434154719
29857169
610283848
9863728
166754352
629439840
328360742
672431938
570368604
750417355
967670947
384334431
795792279
643555746
666351639
7181195
981181177
50735546
766682619
590202891
410724604
960488299
551126892
18981098
639508993
297338642
165787819
703980407
699244747
462173840
993635232
792918981
491704577
142513097
256569938
685031210
557795761
826124071
246897008
585590977
370601928
27481621
50481355
436167144
520611995
217147780
382955482
590139587
203299937
169092201
539667509
11463862
746604726
937585212
984500250
70819567
145597210
693990779
199455467
455630042
79760240
971906597
352880046
718265002
716033664
699052096
827821452
380663767
478345333
563171923
11050067
341178267
782710624
533363692
532178163
731217780
706563507
199785500
173904388
516892069
918656198
858198006
232092735
992776116
764022613
749635860
620325633
283189485
314969088
634291218
572496076
325728478
945870794
373436176
89578949
567247321
136151195
476913716
984048182
920866678
903522238
27147302
5583117
25136398
433054820
642690194
891150940
617299009
852473375
375416490
242669015
544539505
277186407
90194338
919764314
553110596
632832024
851746098
333133664
936735270
42461170
908990487
884357516
4273861
917330200
866604690
675449636
291734163
465404562
937744615
995725201
445505351
124205772
15374303
521019617
260426332
632365588
340847943
921549381
52819857
993924383
65006703
255734419
893328232
260714372
668913323
994182852
248096167
59806784
88359894
460534903
775214041
907084337
698013386
197633133
496893390
298230427
893272553
971875595
380317207
732868518
858918808
596571356
852492427
189322461
493158590
15962892
59183301
7035824
149979977
28152301
311851171
629775860
978729129
416604022
172777160
166692958
566398036
457445311
96736539
67284235
62033984
803350919
153110343
730064379
792044908
259254446
567163193
3227025
505863767
376898235
784766373
504374037
628439431
57061719
281660545
463362355
257889796
485772495
44302727
941505657
55440346
5109399
426412727
869385180
437516955
391762882
750616275
903171380
439128026
922310538
654693346
509554619
469761457
625450446
35406766
16703122
371042620
131749263
294616134
115252028
293656859
973060979
919931517
956479521
97356788
184591426
630922345
847833869
496164591
610342763
301792740
988393390
579372089
404617600
744448270
137771545
298994050
384648886
162688201
693893446
406597247
243326310
867130171
408922511
914099048
801396878
555329616
883062581
225691514
488372817
369053750
622702812
309108598
10888819
737648095
581241354
727448608
176024798
40143235
707292587
857757889
385131551
380708635
384655503
633452966
20793834
76752103
618132459
884159135
61812626
776624616
446908372
51477889
33251474
215999591
472194504
165814437
594993415
677894252
613350181
609658214
391587379
943685192
682187695
67755687
646699771
726507788
555283470
222281546
838691434
407203087
16824909
455524538
416193068
367091308
977943133
739760482
110966036
992395138
735421584
903152435
700466582
128333682
533378079
567005731
294150222
867756196
869224356
827431592
880836215
683745091
249820576
166209601
514713717
560893884
60911351
695763950
131051596
838280515
444371311
43600562
295648294
945676366
67375668
13046808
772759760
883737880
857696343
883681452
764218430
154819103
525352778
676939901
893321219
585479846
787708262
462176674
491199450
156803380
159269477
669718194
922761248
390512147
297873896
222754122
993955927
447598035
136740338
635026571
546487716
487914436
351386988
42488729
428097874
332250239
981547679
790695965
987144013
942914654
797791677
513617092
164071592
132996607
560428888
63178174
843912728
757647557
507253481
930193727
626627190
249595734
659634506
147714562
521590081
152548894
726088508
496202177
355118361
219955659
676846563
11611070
217307717
700822992
915837765
606916414
432773423
1724642
976412878
290763272
54836450
93775230
35185615
688663274
325900691
811594848
876298234
235251252
218791701
865050381
600161256
480052795
165544803
628085835
929642388
253381080
14966042
861194404
966155485
166511335
881921532
31110374
911580167
267377864
152280431
891954341
93122106
514290401
43361019
557110456
27155970
847394585
729374928
569713080
196271054
857286751
580677182
464619140
971754609
124655905
295006778
590981824
363851684
305055189
183889376
237437265
65372289
220 780
121 499
354 431
360 787
392 600
405 692
96 522
538 720
225 245
352 980
265 353
564 811
548 856
221 747
269 622
18 451
455 885
485 794
338 396
573 923
158 426
450 808
209 374
266 286
251 399
291 943
106 660
339 659
117 462
543 669
700 747
625 909
839 960
215 904
324 894
70 564
898 948
180 292
7 227
78 390
19 345
612 715
74 448
294 862
85 548
142 1000
497 760
227 283
263 642
111 633
11 442
560 995
374 933
307 459
969 987
380 778
117 320
498 592
223 764
267 782
627 643
36 738
676 982
138 482
44 500
703 878
86 143
111 613
185 854
29 124
207 693
579 765
30 781
5 430
304 531
291 921
511 929
200 581
198 900
284 869
159 272
394 848
418 874
475 647
140 189
375 756
310 614
632 720
101 508
342 629
341 708
481 508
760 913
786 800
299 893
132 488
234 802
318 903
799 875
133 314
523 719
28 95
236 828
201 325
564 977
66 167
313 341
14 760
87 482
931 988
18 75
375 519
413 426
406 833
83 91
35 599
102 626
68 143
75 921
197 903
572 628
459 971
108 814
310 902
569 791
96 697
17 287
663 903
176 728
503 751
656 817
550 702
470 920
238 586
341 482
408 758
86 739
274 479
745 851
286 291
703 822
807 843
320 722
459 978
148 437
259 618
804 862
181 183
153 881
162 882
713 742
654 778
846 875
626 776
296 412
556 665
537 886
345 392
175 922
143 355
64 760
97 441
151 803
192 347
511 701
895 993
190 257
705 897
67 588
509 878
902 981
665 934
419 991
188 947
25 959
239 911
185 748
525 905
185 727
600 697
754 756
543 713
137 596
15 625
172 216
559 771
669 716
411 765
255 818
754 930
95 750
48 280
440 929
691 772
223 582
203 721
686 831
516 652
24 657
324 882
756 946
290 477
290 610
113 646
97 920
130 157
199 578
373 772
270 598
832 936
205 995
28 435
440 451
258 445
83 257
9 857
261 275
612 815
118 512
194 739
49 893
196 420
531 584
846 906
578 947
16 111
828 942
503 640
48 231
273 842
371 954
104 980
58 598
264 357
247 377
257 487
391 466
529 623
256 267
827 971
748 960
408 685
7 490
295 608
565 893
267 923
59 498
2 731
48 968
112 318
142 465
607 691
651 760
800 823
249 505
141 717
261 580
123 381
297 879
64 188
579 785
81 751
240 412
791 893
683 929
270 967
77 840
538 578
599 837
265 490
866 974
106 875
467 923
234 913
253 649
796 853
521 667
299 869
259 325
455 771
219 469
305 674
332 541
237 534
271 725
196 315
448 484
161 757
497 752
377 899
225 776
401 634
255 316
89 197
101 943
179 460
237 541
455 945
140 384
37 461
136 721
95 162
297 710
707 899
147 559
985 995
256 491
9 268
154 253
296 492
605 633
54 260
160 963
372 846
300 762
416 454
595 602
201 879
296 560
702 742
501 806
823 962
248 916
121 356
228 999
74 565
947 963
169 915
466 968
124 736
426 580
120 985
22 946
171 932
349 642
308 580
12 621
294 496
731 864
288 467
475 739
556 645
831 893
90 898
514 901
427 632
656 781
76 127
112 121
464 605
57 564
116 472
130 572
242 287
625 728
618 767
548 706
262 484
440 530
275 799
691 856
345 432
669 972
20 79
484 565
163 294
167 731
207 895
54 451
50 273
282 676
308 640
161 956
650 920
18 947
879 984
123 540
314 477
398 999
569 849
16 944
60 343
2 971
35 523
2 585
187 360
133 587
803 859
432 730
120 584
42 581
180 630
360 631
164 189
439 607
186 437
379 937
2 458
145 733
466 522
393 610
58 391
60 565
296 358
342 752
163 584
689 888
616 892
107 380
25 114
494 889
879 948
264 271
220 488
729 742
675 718
250 864
689 717
45 371
656 709
312 432
116 906
564 644
175 814
231 326
552 908
394 460
357 480
238 619
599 618
604 777
23 495
18 29
117 197
239 944
266 704
361 937
359 768
528 606
225 611
174 571
105 169
383 876
317 568
720 978
285 433
16 202
619 636
3 865
100 800
217 914
734 960
217 952
169 270
4 510
439 666
125 808
693 907
446 649
725 999
117 596
324 789
745 932
260 428
34 763
72 236
35 907
316 500
154 437
391 590
41 756
155 978
97 325
81 787
97 137
261 669
393 980
479 884
591 777
473 814
220 810
255 764
59 190
565 940
51 761
283 367
53 177
482 774
292 570
579 875
535 811
711 718
419 495
284 550
467 518
139 491
118 872
365 460
105 560
480 920
394 556
448 892
138 916
133 820
326 519
197 298
174 764
86 426
159 492
375 762
557 579
577 608
127 597
500 882
292 756
341 921
162 438
150 344
63 749
507 981
237 261
540 993
401 935
169 177
187 442
330 556
413 504
226 346
255 521
157 210
151 454
334 733
528 768
244 362
500 629
729 957
931 947
27 448
21 504
304 905
516 640
267 350
164 269
352 741
979 992
360 961
611 766
238 927
389 410
119 854
410 810
226 961
87 673
239 929
391 664
372 435
38 491
518 789
699 825
739 987
719 773
281 336
84 550
28 930
276 912
542 733
366 520
557 584
407 553
260 894
117 676
419 817
177 932
801 986
825 884
33 962
112 173
287 464
306 865
358 961
711 977
799 839
78 257
41 926
370 782
274 650
784 920
328 694
203 685
915 927
191 997
188 876
32 378
475 912
103 620
68 401
313 416
278 994
164 193
460 715
441 589
338 866
323 693
342 634
274 496
263 992
166 189
304 387
373 850
15 175
347 933
164 238
405 900
511 609
80 387
564 665
502 564
388 918
34 123
43 46
128 913
498 610
883 948
207 535
193 546
17 743
136 604
385 605
705 896
81 487
650 757
473 530
395 473
504 575
649 878
51 124
7 120
167 959
499 623
742 943
153 276
256 576
469 858
71 848
139 243
193 261
592 609
20 754
403 730
555 687
36 702
412 456
376 532
753 982
130 241
42 346
544 981
36 978
98 974
57 374
123 127
365 437
296 890
737 918
714 923
44 711
553 569
281 351
680 943
127 951
354 386
535 602
204 952
58 498
240 1000
185 965
603 658
17 780
192 785
429 444
104 275
50 58
762 895
604 846
305 976
385 851
849 882
334 703
329 640
178 421
504 542
131 473
270 855
436 737
375 527
509 898
203 756
315 368
322 932
304 435
145 337
328 537
390 450
608 943
321 365
28 189
340 887
676 747
420 553
383 502
456 844
165 216
332 343
817 959
8 827
670 684
225 575
587 697
706 817
196 940
401 950
432 529
132 450
228 253
769 794
133 711
214 744
365 644
333 544
763 777
860 985
439 504
298 659
427 970
194 795
50 621
86 434
345 976
328 583
258 512
670 946
572 772
7 904
687 828
246 623
477 865
214 512
126 365
203 694
112 517
570 995
163 738
148 444
25 813
225 967
377 785
352 363
118 605
886 905
407 550
399 612
76 235
279 767
385 541
949 975
325 974
476 809
573 844
5 633
220 622
238 272
386 845
505 603
611 666
571 698
329 570
473 599
12 642
853 862
352 543
599 790
280 497
165 893
146 810
100 567
130 914
133 302
246 966
174 911
165 808
540 550
642 647
851 905
110 687
429 459
274 396
83 800
243 545
312 799
292 881
624 693
292 530
482 933
19 716
62 365
176 835
37 544
86 376
385 629
189 396
501 630
18 355
271 851
37 664
256 440
218 531
212 923
492 881
37 381
397 915
29 35
507 838
448 503
319 850
247 599
371 720
175 181
244 445
293 937
176 486
194 903
293 686
5 881
619 680
141 629
555 741
401 554
664 740
545 574
620 783
636 978
120 804
165 375
285 495
648 673
226 810
85 956
396 508
149 896
167 864
357 980
925 986
165 528
295 327
51 68
405 510
759 917
56 172
501 981
317 921
63 987
179 607
223 288
820 999
322 999
728 987
778 845
153 587
326 535
777 895
14 262
207 674
152 888
4 190
274 302
605 673
486 707
329 717
706 714
663 798
319 462
705 715
6 237
370 565
46 311
220 930
321 655
123 747
243 335
33 391
199 292
390 391
414 625
538 654
333 882
146 515
374 401
204 440
71 167
12 605
30 380
562 994
796 990
577 768
549 823
218 433
85 1000
511 803
693 783
625 736
9 744
218 594
6 898
435 672
319 793
114 415
646 976
6 11
499 767
499 856
147 792
335 734
57 404
106 764
167 881
250 847
555 573
6 955
446 489
174 826
154 269
42 158
659 982
77 134
75 87
65 67
199 746
40 893
355 585
267 357
620 781
65 766
375 1000
334 943
678 782
725 974
36 177
265 644
131 454
290 858
769 855
319 980
131 259
109 502
557 829
427 654
210 496
403 544
9 987
908 963
902 993
709 873
6 268
121 296
162 831
283 921
201 299
290 974
601 968
394 559
399 655
59 716
830 978
36 354
153 231
123 484
91 511
153 157
648 933
157 254
352 992
216 650
79 992
181 255
517 678
519 981
399 713
386 418
51 707
85 514
22 948
521 846
416 451
341 680
516 955
719 869
139 553
401 757
684 860
469 858
1000
1 119 546813746
1 812 428333125
2 217 973
2 315 812
2 48 219
2 113 657
1 465 56303741
1 705 275046890
1 507 367323850
1 129 485539175
2 50 144
1 214 235296146
1 600 215745279
1 790 516850974
2 436 864
1 7 366954305
1 101 22477907
2 429 496
1 645 427997266
2 235 520
1 303 8410438
2 290 741
2 401 700
2 110 183
1 251 358377787
2 5 914
2 265 272
1 531 217952718
1 615 394893308
1 29 138998707
1 792 818536830
1 428 487448193
1 29 570522931
2 85 405
1 426 425759269
1 716 481605762
1 581 836089840
1 407 38012417
2 71 464
1 872 259359800
1 250 754205223
2 126 825
2 380 955
1 203 687813902
1 930 283301937
2 288 530
2 60 952
2 98 699
2 160 369
1 771 757870254
2 22 810
2 919 961
2 710 796
1 375 345924918
1 818 220089194
1 784 22324023
2 446 456
1 308 914928123
2 461 896
1 367 475488649
2 466 639
1 764 866132555
2 28 306
1 889 20918733
2 143 766
2 22 241
2 252 548
1 273 813112070
1 276 164853530
1 710 961669009
1 453 832131297
1 213 869448635
2 741 887
2 517 603
2 357 558
1 366 189873527
2 206 296
2 174 724
2 223 764
2 896 954
1 960 179960569
1 296 426197262
2 672 895
2 860 946
1 957 693321353
1 28 82538954
1 944 449755442
2 680 988
1 601 230323323
2 26 287
1 243 496997206
2 105 680
2 650 893
2 515 925
2 928 987
2 413 701
1 381 877130627
1 647 63747695
2 598 984
2 245 950
2 622 823
1 880 368454809
1 347 627849304
2 418 912
1 44 286143489
1 143 24625700
2 231 479
1 536 62940811
2 156 842
1 810 449715339
1 272 261344399
1 313 336447234
2 404 645
1 735 186455951
1 189 576923119
1 103 215363016
1 66 544216695
1 490 352257206
2 985 999
2 558 573
2 166 410
1 4 54305993
1 825 304769697
2 731 938
1 119 779628788
2 265 492
1 181 787395107
2 31 145
1 599 65284947
2 359 872
1 823 881302940
2 432 466
2 444 447
2 532 922
1 786 864911101
2 258 453
1 519 752416253
1 430 237226563
1 921 835795165
1 31 796790797
1 817 548736853
1 410 219532799
1 597 756985334
2 94 944
1 965 365601672
1 392 447553521
1 964 100417701
2 650 920
1 708 679794070
2 187 660
2 533 597
1 371 75609026
1 448 187110755
1 620 886231624
2 43 615
1 761 655835778
1 783 345098038
1 670 874337605
1 89 835760641
1 127 567194057
2 284 366
1 514 285602465
1 114 351107589
2 738 768
2 202 981
2 627 746
1 321 156996753
1 898 7791356
2 575 876
2 207 210
2 347 418
2 453 754
2 480 955
1 877 97279452
1 618 514839611
2 538 729
1 242 46776039
1 148 7866354
1 58 428267698
1 664 66540329
1 690 888194984
2 648 983
2 572 712
1 166 832532547
1 333 439551831
1 934 599471320
1 589 576472459
1 126 919815149
2 475 956
1 478 934184574
1 238 258494109
1 373 412248485
2 481 713
1 526 420585371
2 76 869
2 647 654
2 328 426
1 546 153840132
1 216 876095699
2 424 792
2 643 652
1 394 202149586
1 198 698663677
2 299 466
2 638 682
2 130 146
2 687 919
1 907 134635785
1 515 495588352
2 244 434
1 961 107148757
2 515 605
2 300 716
2 390 413
1 971 326715105
1 127 616168921
1 295 144894452
1 811 274123320
2 492 793
1 449 144150053
2 477 929
2 359 809
2 268 384
2 422 690
2 271 672
2 405 453
2 202 543
1 236 78453279
1 350 869861757
2 133 781
1 671 562146179
1 76 675493015
2 567 715
1 88 967119042
1 696 182793095
1 556 809175705
1 661 352575629
2 89 495
1 740 862105185
1 59 319606484
1 464 849070228
1 194 272526806
2 335 702
2 50 146
2 826 882
2 220 987
1 347 83742384
2 86 395
1 230 37455612
2 264 521
2 195 374
1 227 918848233
1 250 561756234
2 181 793
2 241 681
1 573 775391147
2 143 867
2 439 871
1 410 526894471
2 92 519
2 76 894
1 762 438293263
2 41 70
1 318 38594579
1 919 151433684
2 32 162
1 115 652124343
1 261 947957067
1 749 15528399
1 299 575110501
1 362 558145984
1 49 137917635
1 945 486074978
2 204 704
1 950 831495773
2 229 740
1 132 369296651
2 710 953
2 426 686
1 444 375632705
2 711 840
2 440 986
2 210 993
1 947 2095609
2 236 637
2 299 764
2 584 911
2 174 596
1 275 967915242
1 162 997607177
2 201 221
1 248 56288566
1 419 739753790
1 873 204223913
1 206 417233710
1 983 507643140
1 144 3387524
2 122 378
2 164 791
2 298 844
1 480 839634964
2 563 935
1 968 950786303
2 549 982
2 583 626
1 353 30633275
2 590 914
2 525 556
2 229 803
1 443 96517503
1 770 484415545
1 800 28561043
1 959 973552459
1 597 739796153
2 154 281
2 441 974
1 338 928751555
2 5 204
2 461 773
2 58 702
1 695 80975767
1 408 283948932
1 513 199359809
2 352 643
2 724 994
1 779 175019003
2 334 673
1 190 310674728
2 37 133
2 331 526
1 474 880775177
2 316 553
2 352 442
2 121 469
1 198 788075483
2 416 886
1 705 253052076
1 295 73638301
1 261 310605886
2 635 768
2 182 306
2 617 797
2 579 754
1 90 209756666
1 706 801449490
2 451 562
2 9 921
1 613 327184894
1 396 624088466
1 960 133353751
2 601 771
1 3 177920691
1 751 800171743
2 320 911
2 244 704
1 110 621425213
2 809 904
1 799 289932229
2 374 586
1 755 359899713
1 430 361220865
2 508 548
1 142 149307819
2 219 989
2 677 731
1 357 371539351
2 108 686
1 624 878041322
2 120 879
1 576 185127456
1 157 177693456
1 24 535360496
2 386 613
1 610 445330052
2 707 860
2 533 786
1 617 164029507
2 586 971
1 57 785999583
2 755 832
1 434 427422148
1 205 320598722
1 241 517818339
1 647 746212841
2 707 776
1 146 756686842
2 421 952
1 802 619929051
1 362 828255208
1 844 25006280
1 407 478116009
2 335 702
2 591 683
1 485 57455365
2 68 962
1 758 17603918
1 533 945092718
1 488 912393038
1 643 767841135
2 376 698
2 607 898
1 84 921589892
2 461 688
2 116 244
1 25 553374627
2 315 501
2 42 587
2 484 953
2 285 974
2 100 132
2 202 377
2 476 761
1 349 261099544
2 109 581
2 211 408
2 28 193
1 20 35659836
2 285 774
2 597 905
1 597 18990389
2 496 763
1 517 171880131
1 400 289062063
2 104 127
2 136 917
2 359 368
1 854 331411363
1 463 552426334
2 234 883
1 492 873837
2 145 342
2 710 997
1 504 978795792
1 937 7561863
2 550 935
1 861 269718293
2 479 704
2 555 858
2 372 855
2 62 784
2 4 477
2 384 582
1 394 195380780
1 704 627613442
1 700 584453198
1 551 126521456
1 263 45162561
2 194 946
1 712 678498770
2 565 793
2 65 266
1 477 784775180
2 24 434
2 143 422
2 25 539
2 301 952
2 130 723
1 733 756707480
2 320 915
2 829 969
2 451 706
1 723 931600820
1 560 145088123
1 872 557651287
1 795 928644347
2 107 449
1 478 566081548
2 377 805
2 333 636
2 785 906
2 666 733
2 207 761
2 617 644
2 15 415
2 349 674
1 861 22553756
1 23 246120999
1 643 965728243
2 630 902
1 688 613709477
1 825 738050307
2 118 749
2 162 966
2 252 422
2 288 439
1 36 437281954
2 381 962
1 103 326007599
2 167 813
2 130 325
2 192 683
1 105 915985153
1 848 370837724
2 356 637
2 47 176
1 506 266917188
1 859 625476705
1 563 327005295
1 511 408428471
2 715 962
1 525 645793637
2 312 876
1 575 239940139
2 458 659
2 177 366
2 175 969
2 499 587
2 26 481
2 314 990
1 17 200532543
2 808 982
2 12 53
1 631 472240525
2 473 561
1 955 829823880
1 906 186447661
1 458 525426336
1 43 897233413
1 707 88044501
2 395 741
2 294 900
2 541 647
1 901 768127893
1 308 555929621
2 360 441
1 240 560418748
2 49 935
1 922 465115989
2 128 910
2 231 987
2 176 768
2 807 880
2 728 881
1 776 809157720
2 587 696
1 106 126243339
1 333 233157042
1 170 38230964
2 148 936
2 171 292
1 97 32194495
1 562 320222482
2 781 913
1 737 600626487
2 568 802
2 701 726
2 77 96
2 317 361
2 697 700
2 68 905
2 436 813
2 174 695
1 750 542806384
2 267 543
1 554 942231389
2 181 749
1 199 723318918
2 243 870
2 183 697
2 41 682
2 38 50
1 758 341333976
1 434 337800847
2 9 130
1 410 154540876
1 463 277560280
1 178 7241369
2 104 264
1 510 12728608
2 230 439
2 246 483
1 235 696448946
2 262 769
1 261 56038959
2 385 965
1 474 910713543
1 206 533259697
2 30 42
1 413 403326631
1 287 217393472
2 274 644
2 24 117
1 191 87087617
2 182 623
2 77 324
2 66 817
2 608 731
2 274 324
2 519 953
1 638 385995620
1 39 51479808
2 5 20
1 338 777563375
1 503 87891516
2 5 179
1 27 608299487
2 707 807
2 97 191
2 52 685
1 820 225227273
2 825 947
1 847 478794537
2 367 436
2 77 105
2 93 744
1 586 823593811
2 5 966
2 354 986
2 50 576
1 656 607617055
1 971 107373896
1 863 98734532
1 587 85449034
2 34 333
2 60 873
1 854 976400225
1 592 384349329
2 229 913
2 749 775
2 114 291
2 233 855
1 312 354715828
1 208 216801068
1 384 36366818
2 69 554
1 594 27034817
2 541 777
1 826 522416424
2 112 613
1 802 700442209
2 399 615
1 958 310068454
2 644 684
1 840 760705116
1 785 99632300
1 974 692301780
2 299 486
2 344 881
1 958 607362354
2 282 880
1 303 777677886
2 596 916
2 287 729
2 12 917
1 390 69462140
2 269 518
2 429 588
1 348 806565840
2 466 888
1 780 949140440
1 195 799293082
2 422 616
2 913 950
1 645 995513005
2 504 583
2 369 540
2 70 862
1 623 567769383
2 99 591
2 463 479
2 326 808
1 447 459556074
1 73 71765575
2 511 703
1 378 345553002
2 256 340
2 282 667
2 153 263
2 450 641
1 851 915572916
2 188 647
1 196 95795599
1 537 70007756
1 875 314840153
2 631 925
2 257 448
1 934 118295745
1 23 815960963
2 149 303
2 511 931
2 660 851
1 569 133200171
2 282 683
1 384 300454929
2 568 741
1 332 771151630
1 577 18954401
2 698 888
2 271 953
1 199 508274988
2 508 810
1 987 945318417
2 23 454
2 374 555
2 44 118
2 197 980
1 556 249493249
2 131 562
1 814 525731934
2 447 474
2 531 602
2 137 247
1 887 996249973
1 38 46341039
2 100 552
1 475 880441175
2 286 632
1 868 221093433
1 442 509826008
2 537 796
2 299 458
1 873 494542282
2 75 441
2 968 999
1 408 111914370
2 743 840
2 319 539
1 21 828767127
2 546 920
1 262 731669173
1 900 202458246
2 25 442
2 564 706
1 381 460046128
1 133 920602462
2 340 912
2 259 511
2 11 254
1 490 512254531
2 11 623
2 737 768
2 306 553
2 512 604
2 311 829
2 411 625
2 308 799
2 470 499
1 22 855315093
1 293 610805354
1 685 912111918
2 490 961
1 435 970866918
1 965 576435479
2 681 798
2 152 447
2 130 931
1 671 948308592
1 566 589166201
1 138 58636218
2 528 801
2 302 579
1 930 367846596
2 109 533
1 757 761639704
1 631 522716463
2 795 925
1 768 580151224
1 132 955861654
2 246 443
1 838 53987236
1 820 720735727
1 261 835112907
2 771 985
2 170 455
1 241 256813833
2 421 444
2 600 794
1 678 385671741
1 466 407423123
1 299 380023763
2 146 779
2 332 959
1 14 715528060
2 556 916
1 961 927799001
2 262 752
2 504 729
1 150 882350023
2 259 758
2 399 531
2 862 984
1 77 472874018
1 205 358530002
1 340 274873079
2 283 895
2 94 939
1 202 920726307
2 835 946
2 86 669
1 242 787981056
1 926 38183928
2 606 912
1 147 998657477
2 39 698
2 327 967
1 27 934048126
2 416 615
2 618 888
2 100 355
2 123 506
1 966 768167434
1 891 131918033
2 467 897
1 154 555654092
2 162 415
2 106 527
2 234 540
2 557 811
1 956 225076460
1 132 608118620
2 125 693
2 609 918
1 373 8062857
2 676 733
1 719 538971892
2 628 670
1 524 162931355
1 283 837390469
1 53 973891948
2 301 696
2 531 561
2 482 610
2 72 578
2 535 556
2 413 894
2 481 660
2 116 530
2 101 567
1 889 992095946
2 237 720
2 598 660
2 244 510
2 86 195
1 637 251526992
2 538 893
2 325 845
1 324 65835370
1 28 497059584
2 489 552
2 403 512
2 338 629
1 580 82425312
1 813 401511453
2 391 808
2 19 345
1 951 515080783
2 113 140
2 138 242
2 34 641
1 974 690215147
2 17 324
1 314 530552389
1 704 235054324
1 981 929691676
2 350 662
2 343 942
1 860 647141616
2 361 939
2 24 46
1 525 545642764
1 439 619957437
2 220 351
2 576 972
1 112 238912529
1 626 993907014
2 127 657
1 130 411284208
2 327 963
1 565 967037660
1 484 14949454
1 197 51948726
2 441 768
1 586 355627186
2 470 685
1 101 351248932
2 203 855
2 248 377
1 548 399244769
2 35 603
1 591 811456490
1 613 817740130
1 315 785952626
1 285 137825794
1 972 176563569
1 507 71043736
2 242 318
1 259 187139602
1 538 922019750
2 200 581
1 702 29723198
1 546 393184265
2 397 956
1 577 187960595
1 830 502735821
1 866 56092690
1 192 442976651
2 210 916
1 207 545179598
1 314 189709305
2 7 941
1 242 940015008
2 229 454
1 505 815472305
1 992 38005921
2 460 780
2 378 435
2 384 853
2 242 557
2 551 726
1 994 468892700
1 718 860275984
2 26 54
2 260 355
1 83 459768282
1 809 100058062
2 553 651
1 611 329385325
1 193 49663641
1 167 431628428
1 45 447012793
2 141 495
1 452 372575811
2 105 310
1 825 419542730
1 912 692358027
2 121 788
2 397 446
2 190 418
2 276 399
2 399 661
1 98 375083129
2 971 982
1 460 504530807
2 554 708
1 974 724602779
1 990 454127654
2 160 969
1 218 280544400
1 757 855506147
1 921 957106133
2 238 880
1 395 260563647
2 393 851
2 38 884
2 62 345
1 164 657587681
1 429 346566897
2 341 344
1 590 19544373
1 562 81115324
1 700 61510613
1 685 921794849
2 459 926
1 52 895272793
1 906 493849631
1 204 151842395
1 930 444933093
1 31 641329795
1 288 964338232
2 468 619
2 824 886
2 722 869
1 203 319412270
2 774 947
1 90 791010336
1 505 39533707
1 747 3747635
1 82 269488096
1 643 905024871
2 147 326
2 245 622
2 853 907
2 475 875
1 342 921425802
1 60 987522021
1 899 656623907
2 1 5
2 800 897
2 682 769
1 916 148725534
1 142 245389743
1 838 882660472
2 348 537
1 876 842681756
1 971 316098114
1 543 456588606
2 503 819
1 933 874518713
1 657 441774562
1 727 724111499
1 659 95362089
1 197 895422739
2 333 354
2 63 605
1 995 985234138
2 534 637
2 859 956
2 745 970
1 552 266652473
2 452 862
